time,x,y,yaw,reward,yaw_rate,turn_radius,steady_state,action_0,action_1,action_2,action_3,action_4,action_5
2.000000000000001082e-02,5.997881496030316173e-01,1.911437051592745906e-03,-4.016166774772773895e-02,0.000000000000000000e+00,-3.614152126249077224e+00,2.660570395818448106e-02,0.000000000000000000e+00,-1.721086502075195312e-01,-1.776500493288040161e-01,-1.542598158121109009e-01,-8.538310974836349487e-02,-5.093611404299736023e-02,-8.765017241239547729e-02
4.000000000000002859e-02,5.986670571281901276e-01,2.681079494636473548e-03,-9.476366783752196432e-02,0.000000000000000000e+00,-2.644784959887804821e+00,2.830237931434279042e-02,0.000000000000000000e+00,-7.639998197555541992e-02,-1.187564209103584290e-01,-9.773218631744384766e-02,-3.428088501095771790e-02,-1.625951007008552551e-02,-9.798973798751831055e-02
6.000000000000004635e-02,5.976061902138850579e-01,1.821079875307662910e-04,-1.110202422265750416e-01,0.000000000000000000e+00,-1.758083068566409501e+00,2.275894246138315119e-02,0.000000000000000000e+00,-8.615021407604217529e-02,-1.271445006132125854e-01,-1.118205115199089050e-01,-4.646448418498039246e-02,-4.489019885659217834e-02,-9.799988567829132080e-02
8.000000000000005718e-02,5.969750718387090149e-01,-3.380519566807516085e-03,-1.036348679407417400e-01,0.000000000000000000e+00,-1.151706378411073928e+00,4.923465606690229091e-02,0.000000000000000000e+00,-1.068550944328308105e-01,-1.386002153158187866e-01,-1.179688498377799988e-01,-6.329122185707092285e-02,-6.017779931426048279e-02,-9.009903669357299805e-02
1.000000000000000749e-01,5.965518127043948349e-01,-5.495336554962759745e-03,-1.045941108798036090e-01,0.000000000000000000e+00,-1.048136893031620165e+00,6.189632277004723793e-02,0.000000000000000000e+00,-1.628416329622268677e-01,-1.827686131000518799e-01,-1.489628702402114868e-01,-8.546078205108642578e-02,-7.196052372455596924e-02,-8.176460117101669312e-02
1.200000000000000927e-01,5.961795364575178668e-01,-5.561594051788021353e-03,-1.261795245920970809e-01,0.000000000000000000e+00,-1.094526209696824681e+00,5.137222702386490258e-02,0.000000000000000000e+00,-1.761756390333175659e-01,-1.954665035009384155e-01,-1.593781411647796631e-01,-7.497098296880722046e-02,-4.741383716464042664e-02,-8.686802536249160767e-02
1.400000000000000966e-01,5.957935513942048678e-01,-5.306956447322153103e-03,-1.459498703443678769e-01,0.000000000000000000e+00,-1.020452848706078885e+00,4.740089706915855822e-02,0.000000000000000000e+00,-1.742691248655319214e-01,-1.710650771856307983e-01,-1.439200937747955322e-01,-6.990096718072891235e-02,-3.497075662016868591e-02,-8.510400354862213135e-02
1.600000000000001144e-01,5.952844139684835278e-01,-5.785597595125313575e-03,-1.503671334952247640e-01,0.000000000000000000e+00,-8.780178971102888807e-01,5.313036553561024250e-02,0.000000000000000000e+00,-1.858579367399215698e-01,-1.702267974615097046e-01,-1.356970220804214478e-01,-8.370061218738555908e-02,-4.171147197484970093e-02,-7.706482708454132080e-02
1.800000000000001321e-01,5.945992618088784543e-01,-6.746682001350701174e-03,-1.456751130339757894e-01,0.000000000000000000e+00,-7.465283410379436324e-01,6.431316709767652406e-02,0.000000000000000000e+00,-1.892739832401275635e-01,-1.805038154125213623e-01,-1.400631964206695557e-01,-8.936692029237747192e-02,-5.093150585889816284e-02,-7.359758764505386353e-02
2.000000000000001499e-01,5.937998951021007388e-01,-7.669055572543215238e-03,-1.408786381876170057e-01,0.000000000000000000e+00,-6.584748359579689625e-01,7.488388801088333158e-02,0.000000000000000000e+00,-1.860257685184478760e-01,-1.844009011983871460e-01,-1.513370573520660400e-01,-8.509492129087448120e-02,-5.573683977127075195e-02,-7.659194618463516235e-02
2.200000000000001676e-01,5.929437052383671469e-01,-8.205322084748611910e-03,-1.390618192173169454e-01,0.000000000000000000e+00,-5.988261768951549380e-01,8.214658058099150173e-02,0.000000000000000000e+00,-1.806171238422393799e-01,-1.724123507738113403e-01,-1.530195176601409912e-01,-7.782684266567230225e-02,-5.175808072090148926e-02,-7.759653776884078979e-02
2.400000000000001854e-01,5.920091522263716266e-01,-8.088855949484829999e-03,-1.400658706991428082e-01,0.000000000000000000e+00,-5.618344606557696963e-01,8.432405761904612773e-02,0.000000000000000000e+00,-1.810132414102554321e-01,-1.584382057189941406e-01,-1.435453295707702637e-01,-7.665729522705078125e-02,-4.420166462659835815e-02,-7.191038131713867188e-02
2.600000000000001754e-01,5.909671883912536172e-01,-6.977667527482633858e-03,-1.469160968113751575e-01,0.000000000000000000e+00,-5.619048601340976834e-01,7.812714507043466705e-02,0.000000000000000000e+00,-1.849222034215927124e-01,-1.570560336112976074e-01,-1.364327967166900635e-01,-7.798611372709274292e-02,-3.837249800562858582e-02,-6.801370531320571899e-02
2.800000000000001932e-01,5.898578038602109164e-01,-4.798247124638332917e-03,-1.632523662021959920e-01,0.000000000000000000e+00,-5.985176446716263809e-01,6.695083549110747434e-02,0.000000000000000000e+00,-1.843765676021575928e-01,-1.596344411373138428e-01,-1.356128603219985962e-01,-7.526301592588424683e-02,-3.395379334688186646e-02,-7.068195194005966187e-02
3.000000000000002109e-01,5.887612352597180188e-01,-1.807906175768869694e-03,-1.902857856710418738e-01,0.000000000000000000e+00,-6.659111203696639336e-01,5.698082243714574363e-02,0.000000000000000000e+00,-1.842335164546966553e-01,-1.625865846872329712e-01,-1.412930488586425781e-01,-7.179504632949829102e-02,-3.214561939239501953e-02,-7.860714942216873169e-02
3.200000000000002287e-01,5.877313457001762664e-01,1.626346413825530135e-03,-2.269634467710809345e-01,0.000000000000000000e+00,-7.513287186743929924e-01,5.147538825816729002e-02,0.000000000000000000e+00,-1.823854297399520874e-01,-1.636896580457687378e-01,-1.482853144407272339e-01,-6.783747673034667969e-02,-3.062060847878456116e-02,-8.832208067178726196e-02
3.400000000000002465e-01,5.867693499032926585e-01,5.076245588819250365e-03,-2.687979168209146952e-01,0.000000000000000000e+00,-8.336666975683245662e-01,4.999543484010161160e-02,0.000000000000000000e+00,-1.748775094747543335e-01,-1.588351130485534668e-01,-1.499406397342681885e-01,-6.294424831867218018e-02,-2.792197465896606445e-02,-9.385256469249725342e-02
3.600000000000002642e-01,5.858680807322695916e-01,8.268578964149397859e-03,-3.111525348952774439e-01,0.000000000000000000e+00,-9.049522992958165535e-01,5.025791372248816086e-02,0.000000000000000000e+00,-1.690419018268585205e-01,-1.513124406337738037e-01,-1.483211815357208252e-01,-6.000498309731483459e-02,-2.431981265544891357e-02,-9.328509867191314697e-02
3.800000000000002820e-01,5.850265427211753799e-01,1.125386750561352400e-02,-3.536253521319658311e-01,0.000000000000000000e+00,-9.717152514059549384e-01,5.072716289880251778e-02,0.000000000000000000e+00,-1.667845100164413452e-01,-1.457466632127761841e-01,-1.472584903240203857e-01,-5.893083661794662476e-02,-2.028715424239635468e-02,-9.006144106388092041e-02
4.000000000000002998e-01,5.842387330772158549e-01,1.415702836645277296e-02,-3.982448856275705440e-01,0.000000000000000000e+00,-1.039443692417512111e+00,5.095470919178321512e-02,0.000000000000000000e+00,-1.631634384393692017e-01,-1.414626240730285645e-01,-1.463604569435119629e-01,-5.739500373601913452e-02,-1.632083393633365631e-02,-8.807219564914703369e-02
4.200000000000003175e-01,5.835043937914647927e-01,1.694148262587752418e-02,-4.459631944065907128e-01,0.000000000000000000e+00,-1.107883203304886433e+00,5.081697413188539236e-02,0.000000000000000000e+00,-1.569608151912689209e-01,-1.364580243825912476e-01,-1.456908881664276123e-01,-5.496275797486305237e-02,-1.325567252933979034e-02,-8.965140581130981445e-02
4.400000000000003353e-01,5.828328117416896603e-01,1.943724905827454164e-02,-4.960858907807693674e-01,0.000000000000000000e+00,-1.174105922131688962e+00,5.019868324121080222e-02,0.000000000000000000e+00,-1.492896080017089844e-01,-1.307209134101867676e-01,-1.451887786388397217e-01,-5.249349400401115417e-02,-1.130392402410507202e-02,-9.420615434646606445e-02
4.600000000000003531e-01,5.822226488486209606e-01,2.144668365897356432e-02,-5.473698169262944946e-01,0.000000000000000000e+00,-1.235796442724834021e+00,4.900321072466141958e-02,0.000000000000000000e+00,-1.412613987922668457e-01,-1.255643367767333984e-01,-1.447567343711853027e-01,-5.030313134193420410e-02,-1.048489846289157867e-02,-9.891220927238464355e-02
4.800000000000003708e-01,5.816477569443812001e-01,2.283552675241012908e-02,-5.990294240963386363e-01,0.000000000000000000e+00,-1.292589209612688306e+00,4.721817721441784466e-02,0.000000000000000000e+00,-1.339713931083679199e-01,-1.219894811511039734e-01,-1.451876759529113770e-01,-4.830564185976982117e-02,-1.051069516688585281e-02,-1.015491709113121033e-01
5.000000000000003331e-01,5.810634435796879771e-01,2.355491887605487555e-02,-6.508959171446019321e-01,0.000000000000000000e+00,-1.345064676116487057e+00,4.493904501157692383e-02,0.000000000000000000e+00,-1.281780898571014404e-01,-1.196821108460426331e-01,-1.469184756278991699e-01,-4.677388817071914673e-02,-1.087223924696445465e-02,-1.020949929952621460e-01
5.200000000000003508e-01,5.804266571136026398e-01,2.360264930945127348e-02,-7.029932039685017342e-01,0.000000000000000000e+00,-1.393656235071986771e+00,4.231080652155916333e-02,0.000000000000000000e+00,-1.244529560208320618e-01,-1.184839084744453430e-01,-1.495838165283203125e-01,-4.618908464908599854e-02,-1.139672659337520599e-02,-1.016773134469985962e-01
5.400000000000003686e-01,5.796992709171435720e-01,2.297300766740034694e-02,-7.551985234761244836e-01,0.000000000000000000e+00,-1.438337126299810809e+00,3.947130173237847067e-02,0.000000000000000000e+00,-1.228503361344337463e-01,-1.190113201737403870e-01,-1.528207212686538696e-01,-4.688321799039840698e-02,-1.250334456562995911e-02,-1.015873551368713379e-01
5.600000000000003864e-01,5.788594873553687403e-01,2.162247099631692260e-02,-8.070115264436561464e-01,0.000000000000000000e+00,-1.478234610664336701e+00,3.652995933280703267e-02,0.000000000000000000e+00,-1.226172894239425659e-01,-1.214802786707878113e-01,-1.564750969409942627e-01,-4.876261949539184570e-02,-1.480854116380214691e-02,-1.025642231106758118e-01
5.800000000000004041e-01,5.779129035736669806e-01,1.946054923265044811e-02,-8.572960564409013440e-01,0.000000000000000000e+00,-1.511363623948162260e+00,3.358153605772294659e-02,0.000000000000000000e+00,-1.227057948708534241e-01,-1.251654773950576782e-01,-1.603898257017135620e-01,-5.133486539125442505e-02,-1.861693523824214935e-02,-1.042967066168785095e-01
6.000000000000004219e-01,5.769074086076139141e-01,1.638115767397968492e-02,-9.041749563559369207e-01,0.000000000000000000e+00,-1.534813656210788801e+00,3.074501336758871106e-02,0.000000000000000000e+00,-1.222885623574256897e-01,-1.287643313407897949e-01,-1.641021966934204102e-01,-5.399284511804580688e-02,-2.361704781651496887e-02,-1.056857034564018250e-01
6.200000000000004396e-01,5.759489755258634380e-01,1.233248265815417577e-02,-9.453325203986854275e-01,0.000000000000000000e+00,-1.545786812199498872e+00,2.820208905196856797e-02,0.000000000000000000e+00,-1.212461739778518677e-01,-1.313663274049758911e-01,-1.670656949281692505e-01,-5.650162696838378906e-02,-2.905208431184291840e-02,-1.057552918791770935e-01
6.400000000000004574e-01,5.751798177547490232e-01,7.375674786715413767e-03,-9.786960691495619757e-01,0.000000000000000000e+00,-1.542595921944079684e+00,2.622699067028550282e-02,0.000000000000000000e+00,-1.202900931239128113e-01,-1.330371052026748657e-01,-1.690642684698104858e-01,-5.911833792924880981e-02,-3.424772992730140686e-02,-1.043378561735153198e-01
6.600000000000004752e-01,5.746458640150496899e-01,1.671285566729185934e-03,-1.003104037679771077e+00,0.000000000000000000e+00,-1.525744643363188047e+00,2.523274605196928339e-02,0.000000000000000000e+00,-1.204708069562911987e-01,-1.347317695617675781e-01,-1.702249646186828613e-01,-6.220632791519165039e-02,-3.910546377301216125e-02,-1.020417436957359314e-01
6.800000000000004929e-01,5.743604857634979632e-01,-4.531980166433968726e-03,-1.018734194199395038e+00,0.000000000000000000e+00,-1.497479838409413455e+00,2.556939538926756780e-02,0.000000000000000000e+00,-1.223248615860939026e-01,-1.377374231815338135e-01,-1.709634661674499512e-01,-6.576186418533325195e-02,-4.394804313778877258e-02,-9.989234060049057007e-02
7.000000000000005107e-01,5.742947938973960165e-01,-1.098913652051280998e-02,-1.026557040491346662e+00,0.000000000000000000e+00,-1.460354968097057116e+00,2.734722264059859242e-02,0.000000000000000000e+00,-1.254365593194961548e-01,-1.426499634981155396e-01,-1.718238741159439087e-01,-6.938061118125915527e-02,-4.908586665987968445e-02,-9.881041198968887329e-02
7.200000000000005285e-01,5.744210649127380330e-01,-1.754399043185561613e-02,-1.027347479295521504e+00,0.000000000000000000e+00,-1.415706631875034649e+00,3.042974884130257227e-02,0.000000000000000000e+00,-1.289202719926834106e-01,-1.485338211059570312e-01,-1.727609038352966309e-01,-7.268522679805755615e-02,-5.439125001430511475e-02,-9.883785247802734375e-02
7.400000000000005462e-01,5.747566625911191274e-01,-2.414241276727208119e-02,-1.021072493867030362e+00,0.000000000000000000e+00,-1.363598120907911104e+00,3.461596378334536733e-02,0.000000000000000000e+00,-1.326589584350585938e-01,-1.541916280984878540e-01,-1.733632236719131470e-01,-7.592824101448059082e-02,-5.946317315101623535e-02,-9.909744560718536377e-02
7.600000000000005640e-01,5.753596482791565325e-01,-3.076313874874120335e-02,-1.007404251048394705e+00,0.000000000000000000e+00,-1.304364988140647830e+00,3.975990784155437191e-02,0.000000000000000000e+00,-1.377789229154586792e-01,-1.598141938447952271e-01,-1.738777011632919312e-01,-7.993780821561813354e-02,-6.416554003953933716e-02,-9.887520968914031982e-02
7.800000000000005818e-01,5.762870716746277822e-01,-3.734396726025662749e-02,-9.866189022969787947e-01,0.000000000000000000e+00,-1.239466446241244579e+00,4.575643181528871867e-02,0.000000000000000000e+00,-1.451054066419601440e-01,-1.661680489778518677e-01,-1.749457120895385742e-01,-8.499046415090560913e-02,-6.850878894329071045e-02,-9.822221845388412476e-02
8.000000000000005995e-01,5.775829551295746933e-01,-4.380128593991738928e-02,-9.596583201331461144e-01,0.000000000000000000e+00,-1.170736554580636746e+00,5.253576914727495217e-02,0.000000000000000000e+00,-1.540064513683319092e-01,-1.732975542545318604e-01,-1.767030209302902222e-01,-9.034335613250732422e-02,-7.243789732456207275e-02,-9.743450582027435303e-02
8.200000000000006173e-01,5.792884203128947362e-01,-5.009198877674969630e-02,-9.274509369466887865e-01,0.000000000000000000e+00,-1.099394188469136502e+00,6.012729671648400082e-02,0.000000000000000000e+00,-1.632644832134246826e-01,-1.805355846881866455e-01,-1.787115335464477539e-01,-9.511282294988632202e-02,-7.605337351560592651e-02,-9.647073596715927124e-02
8.400000000000006350e-01,5.814173199580247031e-01,-5.624538742258550217e-02,-8.904128504544136513e-01,0.000000000000000000e+00,-1.025780648540477680e+00,6.874628084891486191e-02,0.000000000000000000e+00,-1.719224154949188232e-01,-1.869944185018539429e-01,-1.803369224071502686e-01,-9.881673008203506470e-02,-7.955002039670944214e-02,-9.489878267049789429e-02
8.600000000000006528e-01,5.839735931475572572e-01,-6.230073737694596936e-02,-8.482800439097613054e-01,0.000000000000000000e+00,-9.494590967607677845e-01,7.878299286818218894e-02,0.000000000000000000e+00,-1.792942881584167480e-01,-1.919335275888442993e-01,-1.809716224670410156e-01,-1.012405902147293091e-01,-8.291094005107879639e-02,-9.216399490833282471e-02
8.800000000000006706e-01,5.869679701101425673e-01,-6.826834257745700851e-02,-8.004018362807946430e-01,0.000000000000000000e+00,-8.698798245174608201e-01,9.079242909689815011e-02,0.000000000000000000e+00,-1.848700940608978271e-01,-1.947654038667678833e-01,-1.801424920558929443e-01,-1.023644953966140747e-01,-8.587741851806640625e-02,-8.793920278549194336e-02
9.000000000000006883e-01,5.904022888131914559e-01,-7.411599073750874123e-02,-7.462409565769222430e-01,0.000000000000000000e+00,-7.868900051674471152e-01,1.055277222049837843e-01,0.000000000000000000e+00,-1.883633732795715332e-01,-1.950895935297012329e-01,-1.776800155639648438e-01,-1.023738086223602295e-01,-8.809196949005126953e-02,-8.248218894004821777e-02
9.200000000000007061e-01,5.942678832247613174e-01,-7.974341924681144222e-02,-6.858057363708824905e-01,0.000000000000000000e+00,-7.011062916245975885e-01,1.239487860309165523e-01,0.000000000000000000e+00,-1.898706257343292236e-01,-1.929539293050765991e-01,-1.737110912799835205e-01,-1.016633734107017517e-01,-8.928509056568145752e-02,-7.645680755376815796e-02
9.400000000000007239e-01,5.985423569934840149e-01,-8.497420458694809886e-02,-6.200260672251038940e-01,0.000000000000000000e+00,-6.142071835285254355e-01,1.472001494096516205e-01,0.000000000000000000e+00,-1.899760663509368896e-01,-1.893074661493301392e-01,-1.688570380210876465e-01,-1.006877720355987549e-01,-8.940580487251281738e-02,-7.067617774009704590e-02
9.600000000000007416e-01,6.031939554475529430e-01,-8.957477242164568754e-02,-5.510517056794973501e-01,0.000000000000000000e+00,-5.290655226490420526e-01,1.764740804648415318e-01,0.000000000000000000e+00,-1.897892504930496216e-01,-1.858107298612594604e-01,-1.642805784940719604e-01,-9.985820949077606201e-02,-8.872134238481521606e-02,-6.598924845457077026e-02
9.800000000000007594e-01,6.081929764428584129e-01,-9.330525902975933539e-02,-4.821980048155308229e-01,0.000000000000000000e+00,-4.493190729576366227e-01,2.127125144628648212e-01,0.000000000000000000e+00,-1.905502378940582275e-01,-1.839286983013153076e-01,-1.611049175262451172e-01,-9.948461502790451050e-02,-8.763789385557174683e-02,-6.312196701765060425e-02
1.000000000000000666e+00,6.135043651737743797e-01,-9.598672406453451211e-02,-4.172055781362615234e-01,0.000000000000000000e+00,-3.782133316934250811e-01,2.562893085864855758e-01,0.000000000000000000e+00,-1.929116100072860718e-01,-1.842306703329086304e-01,-1.596985161304473877e-01,-9.962810575962066650e-02,-8.630512654781341553e-02,-6.237222254276275635e-02
1.019999999999998463e+00,6.190804074990289285e-01,-9.756905698487727818e-02,-3.589194636610166800e-01,0.000000000000000000e+00,-2.513587354277373453e-01,4.031445451182812945e-01,0.000000000000000000e+00,-1.962814033031463623e-01,-1.860358268022537231e-01,-1.593142896890640259e-01,-9.988960623741149902e-02,-8.439074456691741943e-02,-6.333753466606140137e-02
1.039999999999996261e+00,6.248441286292892860e-01,-9.815044930028216097e-02,-3.081392056623641351e-01,0.000000000000000000e+00,-1.705451375856651408e-01,6.108298873152854247e-01,0.000000000000000000e+00,-1.990449279546737671e-01,-1.875440776348114014e-01,-1.585463434457778931e-01,-9.951636940240859985e-02,-8.135522156953811646e-02,-6.491467356681823730e-02
1.059999999999994058e+00,6.306654711801529256e-01,-9.792146674488949598e-02,-2.634608631279798940e-01,0.000000000000000000e+00,-1.286463782548437351e-01,6.901602851926287308e-01,0.000000000000000000e+00,-1.999388486146926880e-01,-1.867649108171463013e-01,-1.563737690448760986e-01,-9.801910072565078735e-02,-7.703224569559097290e-02,-6.574262678623199463e-02
1.079999999999991855e+00,6.364080165033580982e-01,-9.704876880687984819e-02,-2.224693099885318437e-01,0.000000000000000000e+00,-1.025217472640520405e-01,6.775346826916195386e-01,0.000000000000000000e+00,-1.987628489732742310e-01,-1.828114241361618042e-01,-1.526128649711608887e-01,-9.564543515443801880e-02,-7.177004963159561157e-02,-6.479185819625854492e-02
1.099999999999989653e+00,6.419916957303056781e-01,-9.560243424301823056e-02,-1.835907713037935318e-01,0.000000000000000000e+00,-5.238553245258795871e-02,6.727744222636240501e-01,0.000000000000000000e+00,-1.961818337440490723e-01,-1.766982823610305786e-01,-1.479156613349914551e-01,-9.301575273275375366e-02,-6.614132225513458252e-02,-6.215598806738853455e-02
1.119999999999987450e+00,6.474273736742723884e-01,-9.356118569276139496e-02,-1.473171343321184323e-01,0.000000000000000000e+00,8.055293077759309237e-03,6.788967831341703452e-01,0.000000000000000000e+00,-1.929634809494018555e-01,-1.701029092073440552e-01,-1.430717259645462036e-01,-9.032282978296279907e-02,-6.048739328980445862e-02,-5.916877463459968567e-02
1.139999999999985247e+00,6.527827167621982341e-01,-9.087128751873940757e-02,-1.160528712369720550e-01,0.000000000000000000e+00,4.701206029460126140e-02,6.853715852178261514e-01,0.000000000000000000e+00,-1.896746754646301270e-01,-1.641642153263092041e-01,-1.387328654527664185e-01,-8.739763498306274414e-02,-5.505375191569328308e-02,-5.732635036110877991e-02
1.159999999999983045e+00,6.581150462411462509e-01,-8.749691600728148888e-02,-9.297953420303639582e-02,0.000000000000000000e+00,6.239705759392455420e-02,6.871657703425541053e-01,0.000000000000000000e+00,-1.870552897453308105e-01,-1.598851531744003296e-01,-1.359033882617950439e-01,-8.423075079917907715e-02,-5.016202479600906372e-02,-5.771324783563613892e-02
1.179999999999980842e+00,6.635018040421655217e-01,-8.348063303878361374e-02,-8.141164249872800962e-02,0.000000000000000000e+00,6.121209171025698142e-02,6.875288945209009350e-01,0.000000000000000000e+00,-1.862636655569076538e-01,-1.587595790624618530e-01,-1.360674351453781128e-01,-8.117248117923736572e-02,-4.610483348369598389e-02,-6.124141067266464233e-02
1.199999999999978639e+00,6.690056183586648997e-01,-7.892212792934688581e-02,-8.445823902815706441e-02,0.000000000000000000e+00,4.777108478857103324e-02,6.906647725465430154e-01,0.000000000000000000e+00,-1.882803589105606079e-01,-1.623314172029495239e-01,-1.404323130846023560e-01,-7.871182262897491455e-02,-4.296799004077911377e-02,-6.877864897251129150e-02
1.219999999999976437e+00,6.746436963963349243e-01,-7.397182364495241691e-02,-1.041097978526939055e-01,0.000000000000000000e+00,2.026473168796659452e-02,6.992097533861059144e-01,0.000000000000000000e+00,-1.921044439077377319e-01,-1.701259911060333252e-01,-1.483357399702072144e-01,-7.687973976135253906e-02,-4.050104692578315735e-02,-8.030071854591369629e-02
1.239999999999974234e+00,6.802988423626148418e-01,-6.893069302679788457e-02,-1.386060525519703102e-01,0.000000000000000000e+00,-1.688072791800887887e-02,7.148208329767908875e-01,0.000000000000000000e+00,-1.921743601560592651e-01,-1.758772730827331543e-01,-1.552576422691345215e-01,-7.393047958612442017e-02,-3.788180649280548096e-02,-9.226831048727035522e-02
1.259999999999972031e+00,6.857053921944318287e-01,-6.424539656926320230e-02,-1.812010944395912315e-01,0.000000000000000000e+00,-5.005674909254564237e-02,7.380129492828404469e-01,0.000000000000000000e+00,-1.862484216690063477e-01,-1.732861250638961792e-01,-1.567954123020172119e-01,-6.922063231468200684e-02,-3.464344888925552368e-02,-9.805180877447128296e-02
1.279999999999969829e+00,6.906881027247981919e-01,-6.018214475143013331e-02,-2.253787716761380122e-01,0.000000000000000000e+00,-7.288858502796351224e-02,7.669311220835574039e-01,0.000000000000000000e+00,-1.822938024997711182e-01,-1.665894836187362671e-01,-1.556942313909530640e-01,-6.604430824518203735e-02,-3.099687397480010986e-02,-9.616897255182266235e-02
1.299999999999967626e+00,6.952610231139692010e-01,-5.666961997677316676e-02,-2.694380818044549986e-01,0.000000000000000000e+00,-8.547627293673826232e-02,7.986659002273659436e-01,0.000000000000000000e+00,-1.800006926059722900e-01,-1.590924859046936035e-01,-1.534147858619689941e-01,-6.398805975914001465e-02,-2.640465833246707916e-02,-9.004650264978408813e-02
1.319999999999965423e+00,6.995217444594745704e-01,-5.352800261334317300e-02,-3.148353440678477444e-01,0.000000000000000000e+00,-9.202789541051230315e-02,8.310393885938459624e-01,0.000000000000000000e+00,-1.758378297090530396e-01,-1.516004055738449097e-01,-1.501706242561340332e-01,-6.151826307177543640e-02,-2.151572704315185547e-02,-8.425711095333099365e-02
1.339999999999963221e+00,7.035728627575742467e-01,-5.064825644224524304e-02,-3.638995840838129547e-01,0.000000000000000000e+00,-1.009838385433446117e-01,8.627676587384135454e-01,0.000000000000000000e+00,-1.703665852546691895e-01,-1.455426067113876343e-01,-1.482041329145431519e-01,-5.880847573280334473e-02,-1.786273345351219177e-02,-8.298891037702560425e-02
1.359999999999961018e+00,7.074869290876544259e-01,-4.803010361954723750e-02,-4.185164463680762226e-01,0.000000000000000000e+00,-1.166495642664911320e-01,8.934498913002919540e-01,0.000000000000000000e+00,-1.634755581617355347e-01,-1.409974843263626099e-01,-1.478898078203201294e-01,-5.617504194378852844e-02,-1.559054479002952576e-02,-8.763004094362258911e-02
1.379999999999958815e+00,7.112683228253757761e-01,-4.579761048912550647e-02,-4.784437707282201968e-01,0.000000000000000000e+00,-1.356446694406287790e-01,9.235645483129919509e-01,0.000000000000000000e+00,-1.540230661630630493e-01,-1.355462819337844849e-01,-1.466047465801239014e-01,-5.347267910838127136e-02,-1.370170339941978455e-02,-9.483372420072555542e-02
1.399999999999956612e+00,7.148532891974559433e-01,-4.412009535835603735e-02,-5.416694351047355305e-01,0.000000000000000000e+00,-1.537438662942854917e-01,9.302863539437308260e-01,0.000000000000000000e+00,-1.447400301694869995e-01,-1.290598809719085693e-01,-1.441609561443328857e-01,-5.088009312748908997e-02,-1.169808860868215561e-02,-9.960185736417770386e-02
1.419999999999954410e+00,7.181810809342663582e-01,-4.305351494159670445e-02,-6.070150357682619902e-01,0.000000000000000000e+00,-1.708067459029748991e-01,8.631710768684153212e-01,0.000000000000000000e+00,-1.389469355344772339e-01,-1.247190162539482117e-01,-1.434261202812194824e-01,-4.904669523239135742e-02,-9.895533323287963867e-03,-1.012625098228454590e-01
1.439999999999952207e+00,7.212057608708484224e-01,-4.255087647440541909e-02,-6.746526764170480694e-01,0.000000000000000000e+00,-1.884633566917146008e-01,8.045236080898756637e-01,0.000000000000000000e+00,-1.353922188282012939e-01,-1.222734302282333374e-01,-1.441577374935150146e-01,-4.759676754474639893e-02,-8.104220964014530182e-03,-1.011948958039283752e-01
1.459999999999950004e+00,7.238834229815511723e-01,-4.261504540190119705e-02,-7.444171734391431539e-01,0.000000000000000000e+00,-2.072041308113558578e-01,7.503346620854528526e-01,0.000000000000000000e+00,-1.324271410703659058e-01,-1.204515397548675537e-01,-1.451931297779083252e-01,-4.627801850438117981e-02,-6.606500130146741867e-03,-1.007189080119132996e-01
1.479999999999947802e+00,7.261729991501465475e-01,-4.332617882413541954e-02,-8.153364191544001383e-01,0.000000000000000000e+00,-2.263013376967945578e-01,7.023794814754310556e-01,0.000000000000000000e+00,-1.301669180393218994e-01,-1.198042407631874084e-01,-1.470166444778442383e-01,-4.557390511035919189e-02,-6.228003185242414474e-03,-1.010407209396362305e-01
1.499999999999945599e+00,7.280294934557340891e-01,-4.477863460090808490e-02,-8.863293018349946983e-01,0.000000000000000000e+00,-2.448066170319393720e-01,6.620555611184936184e-01,0.000000000000000000e+00,-1.287180930376052856e-01,-1.209565401077270508e-01,-1.501782089471817017e-01,-4.580906406044960022e-02,-7.390333339571952820e-03,-1.025588288903236389e-01
1.519999999999943396e+00,7.294035112447468938e-01,-4.704100053898185863e-02,-9.565117186058695875e-01,0.000000000000000000e+00,-2.619444497985050080e-01,6.294373343197023907e-01,0.000000000000000000e+00,-1.278324276208877563e-01,-1.236595883965492249e-01,-1.545850932598114014e-01,-4.701283574104309082e-02,-9.995385073125362396e-03,-1.047446057200431824e-01
1.539999999999941194e+00,7.302613111990755579e-01,-5.014769543434488552e-02,-1.024935546177039969e+00,0.000000000000000000e+00,-2.769051908805604811e-01,6.044614340071423619e-01,0.000000000000000000e+00,-1.273517012596130371e-01,-1.269807964563369751e-01,-1.596233695745468140e-01,-4.903735220432281494e-02,-1.357480604201555252e-02,-1.067186146974563599e-01
1.559999999999938991e+00,7.306130094556556598e-01,-5.409184445660181195e-02,-1.090379992079640203e+00,0.000000000000000000e+00,-2.890706345016427758e-01,5.866836327847150256e-01,0.000000000000000000e+00,-1.275353133678436279e-01,-1.302950829267501831e-01,-1.646325290203094482e-01,-5.167330801486968994e-02,-1.753672771155834198e-02,-1.080069392919540405e-01
1.579999999999936788e+00,7.305151227297961292e-01,-5.880725747340304066e-02,-1.151492177150950980e+00,0.000000000000000000e+00,-2.985573856366032230e-01,5.744390563883042811e-01,0.000000000000000000e+00,-1.286567151546478271e-01,-1.338021904230117798e-01,-1.692796796560287476e-01,-5.480432510375976562e-02,-2.158916741609573364e-02,-1.087661758065223694e-01
1.599999999999934586e+00,7.300579108710142373e-01,-6.419252393204760709e-02,-1.207040619612028243e+00,0.000000000000000000e+00,-3.064131719528020437e-01,5.647687277924625660e-01,0.000000000000000000e+00,-1.304607689380645752e-01,-1.377704292535781860e-01,-1.734563559293746948e-01,-5.830216407775878906e-02,-2.590336650609970093e-02,-1.093227714300155640e-01
1.619999999999932383e+00,7.293625065015185704e-01,-7.015300431466586772e-02,-1.255910228570095821e+00,0.000000000000000000e+00,-3.137924140173010690e-01,5.550885246737502499e-01,0.000000000000000000e+00,-1.322396993637084961e-01,-1.419453769922256470e-01,-1.770672053098678589e-01,-6.190929934382438660e-02,-3.081467002630233765e-02,-1.097173318266868591e-01
1.639999999999930180e+00,7.285097548164345405e-01,-7.662753182100678906e-02,-1.296663591616197264e+00,0.000000000000000000e+00,-3.209710713155677353e-01,5.447004501413925670e-01,0.000000000000000000e+00,-1.332243233919143677e-01,-1.455932706594467163e-01,-1.798489093780517578e-01,-6.528680026531219482e-02,-3.638298809528350830e-02,-1.095688566565513611e-01
1.659999999999927978e+00,7.275324683968912298e-01,-8.356689872966654997e-02,-1.327729317616310967e+00,0.000000000000000000e+00,-3.269254559637550517e-01,5.354200907825772404e-01,0.000000000000000000e+00,-1.332151144742965698e-01,-1.480849087238311768e-01,-1.814834326505661011e-01,-6.826797127723693848e-02,-4.225587844848632812e-02,-1.083386018872261047e-01
1.679999999999925775e+00,7.264943743013964061e-01,-9.089287261192291467e-02,-1.347880251971334431e+00,0.000000000000000000e+00,-3.300676604423938287e-01,5.300031923645652787e-01,0.000000000000000000e+00,-1.330530792474746704e-01,-1.497395187616348267e-01,-1.818818300962448120e-01,-7.101359218358993530e-02,-4.785171523690223694e-02,-1.059049293398857117e-01
1.699999999999923572e+00,7.254886909115670912e-01,-9.846393703566858058e-02,-1.357092728910018753e+00,0.000000000000000000e+00,-3.300023010232997489e-01,5.293151814220455886e-01,0.000000000000000000e+00,-1.343973577022552490e-01,-1.522586345672607422e-01,-1.817140877246856689e-01,-7.407665997743606567e-02,-5.309450626373291016e-02,-1.029987558722496033e-01
1.719999999999921370e+00,7.245918435205429553e-01,-1.060742425341211215e-01,-1.356909643898381423e+00,0.000000000000000000e+00,-3.284492922457033504e-01,5.307486925751412343e-01,0.000000000000000000e+00,-1.381623148918151855e-01,-1.572052687406539917e-01,-1.821287125349044800e-01,-7.784708589315414429e-02,-5.825637280941009521e-02,-1.009556576609611511e-01
1.739999999999919167e+00,7.238417134608248205e-01,-1.135358066538242894e-01,-1.349499613064647718e+00,0.000000000000000000e+00,-3.278515781832680442e-01,5.302152460490882069e-01,0.000000000000000000e+00,-1.436160951852798462e-01,-1.640642732381820679e-01,-1.833239346742630005e-01,-8.206185698509216309e-02,-6.323194503784179688e-02,-1.006298512220382690e-01
1.759999999999916964e+00,7.232622939427919562e-01,-1.207885287134492225e-01,-1.336139602415465921e+00,0.000000000000000000e+00,-3.289622784444382053e-01,5.263419677863074853e-01,0.000000000000000000e+00,-1.495313942432403564e-01,-1.711244881153106689e-01,-1.844822913408279419e-01,-8.623960614204406738e-02,-6.773233413696289062e-02,-1.015056222677230835e-01
1.779999999999914762e+00,7.228949478219495184e-01,-1.279108392916335213e-01,-1.316727678422346060e+00,0.000000000000000000e+00,-3.304742520953970475e-01,5.214504103774231236e-01,0.000000000000000000e+00,-1.557319164276123047e-01,-1.774552613496780396e-01,-1.851899921894073486e-01,-9.039386361837387085e-02,-7.177057117223739624e-02,-1.022268682718276978e-01
1.799999999999912559e+00,7.228026985638001944e-01,-1.350231952444476413e-01,-1.290673997731546674e+00,0.000000000000000000e+00,-3.308286458618017178e-01,5.183772818000628169e-01,0.000000000000000000e+00,-1.628155857324600220e-01,-1.831812560558319092e-01,-1.858574599027633667e-01,-9.467300027608871460e-02,-7.549785077571868896e-02,-1.017614528536796570e-01
1.819999999999910356e+00,7.230328534244655492e-01,-1.421896512537719204e-01,-1.258027974169630969e+00,0.000000000000000000e+00,-3.297785588816074531e-01,5.176729265640497291e-01,0.000000000000000000e+00,-1.709807664155960083e-01,-1.888116747140884399e-01,-1.869360059499740601e-01,-9.878376126289367676e-02,-7.896639406681060791e-02,-9.987901896238327026e-02
1.839999999999908153e+00,7.236271665997571212e-01,-1.493726258615442337e-01,-1.219528865501116499e+00,0.000000000000000000e+00,-3.281148480925014099e-01,5.180783070333679907e-01,0.000000000000000000e+00,-1.795093417167663574e-01,-1.944648772478103638e-01,-1.882322132587432861e-01,-1.021770164370536804e-01,-8.215751498937606812e-02,-9.697385877370834351e-02
1.859999999999905951e+00,7.246303037753406562e-01,-1.565005639176443031e-01,-1.175913852927242598e+00,0.000000000000000000e+00,-3.269377932989446789e-01,5.177942073025991743e-01,0.000000000000000000e+00,-1.871218532323837280e-01,-1.994051337242126465e-01,-1.889624297618865967e-01,-1.044889912009239197e-01,-8.509577065706253052e-02,-9.353904426097869873e-02
1.879999999999903748e+00,7.260555832745766436e-01,-1.635371822373228312e-01,-1.127304005647769447e+00,0.000000000000000000e+00,-3.266661646004685449e-01,5.160828958471700423e-01,0.000000000000000000e+00,-1.926252841949462891e-01,-2.024250030517578125e-01,-1.882069706916809082e-01,-1.055624410510063171e-01,-8.770770579576492310e-02,-8.970684558153152466e-02
1.899999999999901545e+00,7.278959542216409950e-01,-1.704795195288641430e-01,-1.073163962119074499e+00,0.000000000000000000e+00,-3.269474844636705013e-01,5.135383830541762062e-01,0.000000000000000000e+00,-1.955904513597488403e-01,-2.026588916778564453e-01,-1.854329556226730347e-01,-1.054883748292922974e-01,-8.978233486413955688e-02,-8.520752191543579102e-02
1.919999999999899343e+00,7.301534847114823368e-01,-1.772913543169150896e-01,-1.012998279135270074e+00,0.000000000000000000e+00,-3.271948578743142377e-01,5.112357751404690287e-01,0.000000000000000000e+00,-1.964065134525299072e-01,-2.001959234476089478e-01,-1.809237450361251831e-01,-1.045983731746673584e-01,-9.105123579502105713e-02,-7.995568960905075073e-02
1.939999999999897140e+00,7.328586551530833493e-01,-1.838429260597689019e-01,-9.472742930218802648e-01,0.000000000000000000e+00,-3.270949126526144224e-01,5.098855524709947629e-01,0.000000000000000000e+00,-1.959815770387649536e-01,-1.961420476436614990e-01,-1.756572276353836060e-01,-1.033895462751388550e-01,-9.133379161357879639e-02,-7.445722073316574097e-02
1.959999999999894937e+00,7.360703283746523606e-01,-1.899106046412782078e-01,-8.780139324016951186e-01,0.000000000000000000e+00,-3.266897065287324153e-01,5.096685914711143184e-01,0.000000000000000000e+00,-1.955112069845199585e-01,-1.921885758638381958e-01,-1.708856970071792603e-01,-1.023898795247077942e-01,-9.069221466779708862e-02,-6.963492929935455322e-02
1.979999999999892735e+00,7.398579798374791405e-01,-1.952418720968384924e-01,-8.086985540426272490e-01,0.000000000000000000e+00,-3.262351712712065477e-01,5.104094108349707115e-01,0.000000000000000000e+00,-1.962255090475082397e-01,-1.898688375949859619e-01,-1.676950007677078247e-01,-1.020037308335304260e-01,-8.944322913885116577e-02,-6.641168147325515747e-02
1.999999999999890532e+00,7.442611222906927448e-01,-1.996379203336372810e-01,-7.433666255347626262e-01,0.000000000000000000e+00,-3.260377187381390263e-01,5.117687811740522230e-01,0.000000000000000000e+00,-1.987725943326950073e-01,-1.898922771215438843e-01,-1.664563864469528198e-01,-1.023059263825416565e-01,-8.786163479089736938e-02,-6.531320512294769287e-02
2.019999999999888551e+00,7.492565271247489944e-01,-2.030310696800394221e-01,-6.851274994132908747e-01,-3.223319392581913689e-02,-3.263055965763089761e-01,5.134304974690913070e-01,1.000000000000000000e+00,-2.024727016687393188e-01,-1.916915923357009888e-01,-1.663694977760314941e-01,-1.028288006782531738e-01,-8.582808822393417358e-02,-6.612139195203781128e-02
2.039999999999886349e+00,7.550087695064028326e-01,-2.052665287880249823e-01,-6.411707754519497815e-01,-4.112432929998810667e-03,-3.383043811458903427e-01,4.982864862791671623e-01,1.000000000000000000e+00,-2.229983210563659668e-01,-2.103475630283355713e-01,-1.817908585071563721e-01,-1.055315807461738586e-01,-8.999923616647720337e-02,-7.398986816406250000e-02
2.059999999999884146e+00,7.613260478166817835e-01,-2.065254279086742029e-01,-6.129492846061994626e-01,-5.876178419372735107e-02,-3.573023000213235711e-01,4.755159232526136037e-01,1.000000000000000000e+00,-2.279476225376129150e-01,-2.205498963594436646e-01,-1.847415268421173096e-01,-1.036074981093406677e-01,-8.507851511240005493e-02,-8.401510119438171387e-02
2.079999999999881943e+00,7.676186374456804851e-01,-2.072958151109523250e-01,-5.911100590516519260e-01,-1.036477617479603930e-01,-3.751611222922274225e-01,4.568134326050165006e-01,1.000000000000000000e+00,-2.281414717435836792e-01,-2.208850234746932983e-01,-1.834153085947036743e-01,-1.005433872342109680e-01,-8.045981079339981079e-02,-8.998014777898788452e-02
2.099999999999879741e+00,7.735025093115961425e-01,-2.078433651190705611e-01,-5.671835165221217334e-01,-1.267736828104000513e-01,-3.866389079689351860e-01,4.471776321623333050e-01,1.000000000000000000e+00,-2.269484996795654297e-01,-2.142761349678039551e-01,-1.799324750900268555e-01,-9.877379238605499268e-02,-7.700836658477783203e-02,-8.699611574411392212e-02
2.119999999999877538e+00,7.789918337734792475e-01,-2.081093461652130105e-01,-5.385931507671875007e-01,-1.283779615792893514e-01,-3.906825964442983690e-01,4.465091826752961013e-01,1.000000000000000000e+00,-2.251113206148147583e-01,-2.052185833454132080e-01,-1.756300479173660278e-01,-9.798344969749450684e-02,-7.202821224927902222e-02,-7.851507514715194702e-02
2.139999999999875335e+00,7.843357213884915025e-01,-2.078404578039093342e-01,-5.081560106514744213e-01,-1.137804310292646615e-01,-3.889468435176871575e-01,4.525914870711397198e-01,1.000000000000000000e+00,-2.220441997051239014e-01,-1.961319297552108765e-01,-1.703956574201583862e-01,-9.695646166801452637e-02,-6.499202549457550049e-02,-7.078214734792709351e-02
2.159999999999873133e+00,7.898493278027335363e-01,-2.068523089020175010e-01,-4.816585846289871964e-01,-9.061980057881284523e-02,-3.845668415797320883e-01,4.622417497588279800e-01,1.000000000000000000e+00,-2.191781848669052124e-01,-1.891273707151412964e-01,-1.656876951456069946e-01,-9.494268894195556641e-02,-5.911929160356521606e-02,-6.747207045555114746e-02
2.179999999999870930e+00,7.957429656875032453e-01,-2.050801708747751750e-01,-4.656438580925129633e-01,-6.700522936411408559e-02,-3.805492705920164309e-01,4.720811544316191322e-01,1.000000000000000000e+00,-2.183071672916412354e-01,-1.865322440862655640e-01,-1.641733646392822266e-01,-9.223128855228424072e-02,-5.575235933065414429e-02,-6.984643638134002686e-02
2.199999999999868727e+00,8.021062082649267344e-01,-2.026128373170806574e-01,-4.657492047332774665e-01,-4.890270753648322255e-02,-3.788400658323633485e-01,4.796238718597986561e-01,1.000000000000000000e+00,-2.202971875667572021e-01,-1.903407871723175049e-01,-1.677342802286148071e-01,-8.983252942562103271e-02,-5.402532964944839478e-02,-7.861692458391189575e-02
2.219999999999866525e+00,8.088983787905004164e-01,-1.996450923422614099e-01,-4.854444915450326636e-01,-3.984302201131693227e-02,-3.804249781388565066e-01,4.833987408286179455e-01,1.000000000000000000e+00,-2.241510152816772461e-01,-2.012458592653274536e-01,-1.762996613979339600e-01,-8.873374760150909424e-02,-5.289251357316970825e-02,-9.378864616155624390e-02
2.239999999999864322e+00,8.158274621455424702e-01,-1.965159372983432962e-01,-5.225929585136790401e-01,-3.605840697953555107e-02,-3.838014514380591047e-01,4.849756637585268537e-01,1.000000000000000000e+00,-2.221287935972213745e-01,-2.099951505661010742e-01,-1.835570782423019409e-01,-8.640629053115844727e-02,-5.100396275520324707e-02,-1.097949743270874023e-01
2.259999999999862119e+00,8.223681635660142764e-01,-1.936822363507486600e-01,-5.680114142342470585e-01,-2.947613443965826224e-02,-3.859404286502265968e-01,4.877182773168090568e-01,1.000000000000000000e+00,-2.139029204845428467e-01,-2.058838158845901489e-01,-1.841147840023040771e-01,-8.155891299247741699e-02,-4.751102626323699951e-02,-1.162631213665008545e-01
2.279999999999859916e+00,8.282871050470657082e-01,-1.913113093921555985e-01,-6.147621244590120160e-01,-2.649866155968263332e-02,-3.887332378702241242e-01,4.889588910167989022e-01,1.000000000000000000e+00,-2.145955115556716919e-01,-2.011054605245590210e-01,-1.848487257957458496e-01,-8.066359162330627441e-02,-4.391600564122200012e-02,-1.139722168445587158e-01
2.299999999999857714e+00,8.337114753753444019e-01,-1.892256813565731666e-01,-6.630257824949198353e-01,-3.204909730923146544e-02,-3.938710731905692430e-01,4.866462094544868888e-01,1.000000000000000000e+00,-2.169737815856933594e-01,-1.981429457664489746e-01,-1.851241737604141235e-01,-8.087627589702606201e-02,-3.955767303705215454e-02,-1.085464581847190857e-01
2.319999999999855511e+00,8.387551350163332531e-01,-1.873272437253935552e-01,-7.140848201703968723e-01,-4.018983162892881406e-02,-3.995856540551867009e-01,4.832542368212796591e-01,1.000000000000000000e+00,-2.133665531873703003e-01,-1.932698041200637817e-01,-1.829214245080947876e-01,-7.857909798622131348e-02,-3.497985005378723145e-02,-1.040695533156394958e-01
2.339999999999853308e+00,8.434465299647680991e-01,-1.856802675139350711e-01,-7.682120124692267682e-01,-4.436475555581877867e-02,-4.037630024350886693e-01,4.815146851850755083e-01,1.000000000000000000e+00,-2.075845003128051758e-01,-1.874854117631912231e-01,-1.815879195928573608e-01,-7.542539387941360474e-02,-3.197675570845603943e-02,-1.033521145582199097e-01
2.359999999999851106e+00,8.477967437584393862e-01,-1.843764961566589922e-01,-8.257400395539202798e-01,-4.193948477161289073e-02,-4.054618249543253672e-01,4.825252146784946294e-01,1.000000000000000000e+00,-2.004984617233276367e-01,-1.818062365055084229e-01,-1.813698858022689819e-01,-7.231323421001434326e-02,-3.028059750795364380e-02,-1.067397072911262512e-01
2.379999999999848903e+00,8.517804331924079264e-01,-1.835005495820294652e-01,-8.862425457833729148e-01,-3.456720997380217930e-02,-4.051461971766566750e-01,4.855969958442490908e-01,1.000000000000000000e+00,-1.912642717361450195e-01,-1.749832034111022949e-01,-1.797777861356735229e-01,-6.891955435276031494e-02,-2.844356931746006012e-02,-1.111892238259315491e-01
2.399999999999846700e+00,8.553480425278860988e-01,-1.830815173325748280e-01,-9.490016287774200032e-01,-2.813118367568296849e-02,-4.047039975592177652e-01,4.882786734684654295e-01,1.000000000000000000e+00,-1.832050681114196777e-01,-1.688371449708938599e-01,-1.778596639633178711e-01,-6.601229310035705566e-02,-2.645234577357769012e-02,-1.139168590307235718e-01
2.419999999999844498e+00,8.584731032113849247e-01,-1.830629686300322412e-01,-1.014384689567889630e+00,-2.619541354927257260e-02,-4.052528213247396094e-01,4.890852443544697614e-01,1.000000000000000000e+00,-1.779588013887405396e-01,-1.652784645557403564e-01,-1.775952875614166260e-01,-6.388043612241744995e-02,-2.480681426823139191e-02,-1.149257570505142212e-01
2.439999999999842295e+00,8.611209451318742047e-01,-1.834020929768055974e-01,-1.082805234734635746e+00,-2.715725240731923021e-02,-4.062599449582522948e-01,4.886844781636169865e-01,1.000000000000000000e+00,-1.734883934259414673e-01,-1.625771075487136841e-01,-1.778785288333892822e-01,-6.177690625190734863e-02,-2.317756600677967072e-02,-1.148009523749351501e-01
2.459999999999840092e+00,8.632315742824110405e-01,-1.841531458285974865e-01,-1.153459112834996247e+00,-2.893880012142044725e-02,-4.070617860859062631e-01,4.879421666160748128e-01,1.000000000000000000e+00,-1.693505346775054932e-01,-1.602579355239868164e-01,-1.785077750682830811e-01,-5.984372645616531372e-02,-2.199138700962066650e-02,-1.143838763236999512e-01
2.479999999999837890e+00,8.647388769406071374e-01,-1.854189456023415394e-01,-1.224854653462901011e+00,-3.054029247337468334e-02,-4.073087054991292866e-01,4.872748781360938808e-01,1.000000000000000000e+00,-1.658185422420501709e-01,-1.590022444725036621e-01,-1.801673769950866699e-01,-5.853387340903282166e-02,-2.187531627714633942e-02,-1.144394502043724060e-01
2.499999999999835687e+00,8.655799864900516338e-01,-1.872877497633631261e-01,-1.295566850189745711e+00,-3.115110740140707157e-02,-4.066833697883340815e-01,4.870203719160803857e-01,1.000000000000000000e+00,-1.626488268375396729e-01,-1.588614284992218018e-01,-1.829314082860946655e-01,-5.803043022751808167e-02,-2.298717200756072998e-02,-1.151151731610298157e-01
2.519999999999833484e+00,8.657074901954512347e-01,-1.898070054840763354e-01,-1.364440992260103291e+00,-3.021006497327429624e-02,-4.049653728370686268e-01,4.874124729278023760e-01,1.000000000000000000e+00,-1.597756147384643555e-01,-1.595130413770675659e-01,-1.863567084074020386e-01,-5.845334753394126892e-02,-2.514031715691089630e-02,-1.161385029554367065e-01
2.539999999999831282e+00,8.651094702961079630e-01,-1.929752404747207273e-01,-1.430575873513451057e+00,-2.853308175110869094e-02,-4.024235040234770966e-01,4.881112159370380454e-01,1.000000000000000000e+00,-1.576630473136901855e-01,-1.608569175004959106e-01,-1.899293363094329834e-01,-5.982436612248420715e-02,-2.801827155053615570e-02,-1.172428801655769348e-01
2.559999999999829079e+00,8.638221292316615729e-01,-1.967452576130839792e-01,-1.493270526903829554e+00,-2.819951289121238464e-02,-3.997510856653949118e-01,4.882502029619948392e-01,1.000000000000000000e+00,-1.567078828811645508e-01,-1.629806756973266602e-01,-1.933380812406539917e-01,-6.187320500612258911e-02,-3.132200613617897034e-02,-1.183281838893890381e-01
2.579999999999826876e+00,8.619177432150384455e-01,-2.010382250508100377e-01,-1.551842831733137196e+00,-3.100844802563869004e-02,-3.975521057910113010e-01,4.870798133226505455e-01,1.000000000000000000e+00,-1.568290293216705322e-01,-1.659010648727416992e-01,-1.965395212173461914e-01,-6.427857279777526855e-02,-3.493545204401016235e-02,-1.194136440753936768e-01
2.599999999999824674e+00,8.594918840992560316e-01,-2.057893020530584260e-01,-1.605449306129545839e+00,-3.732657662528571230e-02,-3.959988575587125581e-01,4.844472597394642865e-01,1.000000000000000000e+00,-1.576005965471267700e-01,-1.693605929613113403e-01,-1.995257884263992310e-01,-6.688164919614791870e-02,-3.891698271036148071e-02,-1.204205229878425598e-01
2.619999999999822471e+00,8.566648476891515207e-01,-2.109737179302330901e-01,-1.652972724995449783e+00,-4.649789502101748379e-02,-3.949692683251872505e-01,4.806258770745760467e-01,1.000000000000000000e+00,-1.584619134664535522e-01,-1.728041321039199829e-01,-2.021032422780990601e-01,-6.959511339664459229e-02,-4.330648854374885559e-02,-1.210396811366081238e-01
2.639999999999820268e+00,8.535431487712140664e-01,-2.165906067501162102e-01,-1.692847521347234929e+00,-5.766774273058072886e-02,-3.943047838661876692e-01,4.759717738622580296e-01,1.000000000000000000e+00,-1.590107381343841553e-01,-1.756896227598190308e-01,-2.039680629968643188e-01,-7.238280028104782104e-02,-4.804917052388191223e-02,-1.208330616354942322e-01
2.659999999999818066e+00,8.501808992762289741e-01,-2.226080438029019171e-01,-1.723501089324428914e+00,-7.110715843390513768e-02,-3.941670947194836350e-01,4.703720173192061926e-01,1.000000000000000000e+00,-1.593460440635681152e-01,-1.779624968767166138e-01,-2.049375772476196289e-01,-7.534743845462799072e-02,-5.308295413851737976e-02,-1.194829270243644714e-01
2.679999999999815863e+00,8.466558263515600036e-01,-2.289546846442844785e-01,-1.744004082572759184e+00,-8.779012762870559705e-02,-3.949533962039920576e-01,4.634207801547060024e-01,1.000000000000000000e+00,-1.601394563913345337e-01,-1.802868545055389404e-01,-2.051385790109634399e-01,-7.864248007535934448e-02,-5.821374431252479553e-02,-1.171388104557991028e-01
2.699999999999813660e+00,8.430819169613130715e-01,-2.355142010224341442e-01,-1.754590990238967141e+00,-1.077051400496401717e-01,-3.967829678723869824e-01,4.551228583126499250e-01,1.000000000000000000e+00,-1.624329388141632080e-01,-1.839260607957839966e-01,-2.052151262760162354e-01,-8.246180415153503418e-02,-6.328627467155456543e-02,-1.146371141076087952e-01
2.719999999999811457e+00,8.395753114071597967e-01,-2.421458318573879720e-01,-1.756515552879679198e+00,-1.285241493966230719e-01,-3.990336942478105997e-01,4.464482710847403890e-01,1.000000000000000000e+00,-1.665256470441818237e-01,-1.892197281122207642e-01,-2.056674808263778687e-01,-8.677332848310470581e-02,-6.811849772930145264e-02,-1.129948496818542480e-01
2.739999999999809255e+00,8.362258432983673551e-01,-2.487547172781600646e-01,-1.751093739221746715e+00,-1.469423859878672134e-01,-4.007182700689988497e-01,4.387740058383886588e-01,1.000000000000000000e+00,-1.717678606510162354e-01,-1.951937377452850342e-01,-2.062418460845947266e-01,-9.132470935583114624e-02,-7.248811423778533936e-02,-1.124869808554649353e-01
2.759999999999807052e+00,8.330884678628189821e-01,-2.553465059354629862e-01,-1.738898094213217727e+00,-1.615925608207130770e-01,-4.014339538131842522e-01,4.326697663247028869e-01,1.000000000000000000e+00,-1.776895821094512939e-01,-2.009316235780715942e-01,-2.065605372190475464e-01,-9.599038958549499512e-02,-7.634750753641128540e-02,-1.124834641814231873e-01
2.779999999999804849e+00,8.301978193208094936e-01,-2.620052562180070765e-01,-1.719869338746562448e+00,-1.736780434201341816e-01,-4.016089968750746753e-01,4.276341485749440841e-01,1.000000000000000000e+00,-1.844402253627777100e-01,-2.061816602945327759e-01,-2.067959308624267578e-01,-1.007634475827217102e-01,-7.980468124151229858e-02,-1.121066957712173462e-01
2.799999999999802647e+00,8.275773886867368034e-01,-2.688164507217641330e-01,-1.694031755707537945e+00,-1.853637308970937647e-01,-4.019640415524954324e-01,4.227651121262109291e-01,1.000000000000000000e+00,-1.922306567430496216e-01,-2.111336439847946167e-01,-2.073770314455032349e-01,-1.054687350988388062e-01,-8.296900242567062378e-02,-1.108092367649078369e-01
2.819999999999800444e+00,8.252443529016197932e-01,-2.757963708752634857e-01,-1.661869186006468047e+00,-1.972106980619998673e-01,-4.026048548016846751e-01,4.178288758075000553e-01,1.000000000000000000e+00,-2.006228566169738770e-01,-2.159255445003509521e-01,-2.083128392696380615e-01,-1.096550226211547852e-01,-8.587266504764556885e-02,-1.085165217518806458e-01
2.839999999999798241e+00,8.232517154882650345e-01,-2.829198218489687444e-01,-1.623866374475080754e+00,-2.078270634781802517e-01,-4.030257987432610545e-01,4.134053902174248951e-01,1.000000000000000000e+00,-2.084372043609619141e-01,-2.201361358165740967e-01,-2.089704275131225586e-01,-1.128055453300476074e-01,-8.854267746210098267e-02,-1.053533032536506653e-01
2.859999999999796039e+00,8.216359421200258861e-01,-2.901831315194834948e-01,-1.580084835388398945e+00,-2.150086397065444910e-01,-4.024481546822945566e-01,4.104130667889397954e-01,1.000000000000000000e+00,-2.142944782972335815e-01,-2.228050380945205688e-01,-2.084254324436187744e-01,-1.145170778036117554e-01,-9.100047498941421509e-02,-1.013423129916191101e-01
2.879999999999793836e+00,8.204045680982791078e-01,-2.976015246328050368e-01,-1.530004276407971764e+00,-2.173583025658573364e-01,-4.003963576854737139e-01,4.094340405975594455e-01,1.000000000000000000e+00,-2.173771858215332031e-01,-2.230924069881439209e-01,-2.059857100248336792e-01,-1.146910116076469421e-01,-9.318163990974426270e-02,-9.639406949281692505e-02
2.899999999999791633e+00,8.195713640346471429e-01,-3.051683775596260029e-01,-1.473006025330587665e+00,-2.153645855539000620e-01,-3.971284429914104797e-01,4.102647560192083098e-01,1.000000000000000000e+00,-2.178731262683868408e-01,-2.208268940448760986e-01,-2.016442865133285522e-01,-1.136569082736968994e-01,-9.493181854486465454e-02,-9.063156694173812866e-02
2.919999999999789431e+00,8.192000716677776406e-01,-3.127970915316062861e-01,-1.409266198444374618e+00,-2.113585597487409873e-01,-3.936196812120919541e-01,4.119339334380245909e-01,1.000000000000000000e+00,-2.167759686708450317e-01,-2.166907340288162231e-01,-1.961383521556854248e-01,-1.120460256934165955e-01,-9.605111926794052124e-02,-8.467437326908111572e-02
2.939999999999787228e+00,8.194148651899905156e-01,-3.203026609295143712e-01,-1.340439355065800697e+00,-2.084837783339002215e-01,-3.911485916095815418e-01,4.131317590275415674e-01,1.000000000000000000e+00,-2.153828442096710205e-01,-2.121197432279586792e-01,-1.906767636537551880e-01,-1.104938164353370667e-01,-9.644763171672821045e-02,-7.940383255481719971e-02
2.959999999999785025e+00,8.203701508806335863e-01,-3.274454625916544681e-01,-1.269711464467166762e+00,-2.090507004797949320e-01,-3.906902950281246900e-01,4.128955414667521140e-01,1.000000000000000000e+00,-2.149136662483215332e-01,-2.087206840515136719e-01,-1.865098327398300171e-01,-1.094160154461860657e-01,-9.624119102954864502e-02,-7.556586712598800659e-02
2.979999999999782823e+00,8.221956878355168863e-01,-3.340111118459156980e-01,-1.201099970268674211e+00,-2.129925985300927527e-01,-3.923569052210056363e-01,4.112530839457946841e-01,1.000000000000000000e+00,-2.161794900894165039e-01,-2.074718773365020752e-01,-1.844025850296020508e-01,-1.089287102222442627e-01,-9.562153369188308716e-02,-7.357580214738845825e-02
2.999999999999780620e+00,8.249374946621053084e-01,-3.398650745626038971e-01,-1.138215348306228059e+00,-2.178018344474813850e-01,-3.953059325954720871e-01,4.092492356468827586e-01,1.000000000000000000e+00,-2.192150503396987915e-01,-2.084875553846359253e-01,-1.843008399009704590e-01,-1.088023483753204346e-01,-9.464006125926971436e-02,-7.344564050436019897e-02
3.019999999999778417e+00,8.285346010690020080e-01,-3.449848981135238968e-01,-1.083101241551648553e+00,-2.204696829411980086e-01,-3.983734892610501510e-01,4.081376321078341585e-01,1.000000000000000000e+00,-2.230722606182098389e-01,-2.110676616430282593e-01,-1.853079646825790405e-01,-1.084673404693603516e-01,-9.312603622674942017e-02,-7.478058338165283203e-02
3.039999999999776215e+00,8.328215000319832972e-01,-3.494303341253784390e-01,-1.035736112368726758e+00,-1.909895143170811382e-01,-3.896644887605492102e-01,4.204210357012161947e-01,1.000000000000000000e+00,-2.262710481882095337e-01,-2.137802541255950928e-01,-1.861871927976608276e-01,-1.073363497853279114e-01,-9.079938381910324097e-02,-7.678811252117156982e-02
3.059999999999774012e+00,8.375790279678879680e-01,-3.532747687131186365e-01,-9.944222914504653454e-01,-1.385518733585966444e-01,-3.739299290371067563e-01,4.422700527672513982e-01,1.000000000000000000e+00,-2.279547154903411865e-01,-2.147018015384674072e-01,-1.859666705131530762e-01,-1.054379642009735107e-01,-8.753705024719238281e-02,-7.828108966350555420e-02
3.079999999999771809e+00,8.426364126581294967e-01,-3.565631238880396237e-01,-9.570303053141520078e-01,-8.565625079442548695e-02,-3.597986249763607813e-01,4.643098955023227115e-01,1.000000000000000000e+00,-2.282795011997222900e-01,-2.128063142299652100e-01,-1.842457056045532227e-01,-1.033987253904342651e-01,-8.337590843439102173e-02,-7.822683453559875488e-02
3.099999999999769607e+00,8.479267461441452047e-01,-3.593025745169178276e-01,-9.224710142058375473e-01,-5.247971139328715118e-02,-3.529491681767105149e-01,4.781334535861303525e-01,1.000000000000000000e+00,-2.278245985507965088e-01,-2.089237570762634277e-01,-1.813168227672576904e-01,-1.017027720808982849e-01,-7.839626073837280273e-02,-7.674343138933181763e-02
3.119999999999767404e+00,8.534856712916630839e-01,-3.614822173534636973e-01,-8.914861986520637993e-01,-4.560086954061328551e-02,-3.544842623444809937e-01,4.809996376914111305e-01,1.000000000000000000e+00,-2.270489782094955444e-01,-2.045717686414718628e-01,-1.778719723224639893e-01,-1.002857238054275513e-01,-7.289775460958480835e-02,-7.510735094547271729e-02
3.139999999999765201e+00,8.593818846796746902e-01,-3.630793858805880236e-01,-8.663094376248717809e-01,-5.817217585469886681e-02,-3.624230025041535463e-01,4.757615933938754704e-01,1.000000000000000000e+00,-2.263313382863998413e-01,-2.010065168142318726e-01,-1.749092787504196167e-01,-9.878386557102203369e-02,-6.754124164581298828e-02,-7.482630759477615356e-02
3.159999999999762998e+00,8.656688829157024312e-01,-3.641122936273725741e-01,-8.498512960869202271e-01,-7.792689278746300907e-02,-3.734157548312116992e-01,4.675304613385570796e-01,1.000000000000000000e+00,-2.263052910566329956e-01,-1.993977576494216919e-01,-1.737414300441741943e-01,-9.704200178384780884e-02,-6.297579407691955566e-02,-7.701606303453445435e-02
3.179999999999760796e+00,8.723591800861841827e-01,-3.646686520412755761e-01,-8.451349547304376486e-01,-9.394325493830572860e-02,-3.841254900231380054e-01,4.608569771090392786e-01,1.000000000000000000e+00,-2.277251929044723511e-01,-2.010506987571716309e-01,-1.756243705749511719e-01,-9.535319358110427856e-02,-5.940412729978561401e-02,-8.243287354707717896e-02
3.199999999999758593e+00,8.794018472408138276e-01,-3.648548741663810713e-01,-8.546097452126804050e-01,-9.886520838858578464e-02,-3.916990180121762144e-01,4.588061631714225874e-01,1.000000000000000000e+00,-2.305444180965423584e-01,-2.066853940486907959e-01,-1.807887256145477295e-01,-9.412863850593566895e-02,-5.667781457304954529e-02,-9.134989976882934570e-02
3.219999999999756390e+00,8.866444103444762748e-01,-3.647978212687968402e-01,-8.787541420755100585e-01,-8.593904232429779022e-02,-3.932365992658572451e-01,4.641920656982092552e-01,1.000000000000000000e+00,-2.324047833681106567e-01,-2.141359895467758179e-01,-1.872654259204864502e-01,-9.297836571931838989e-02,-5.443267896771430969e-02,-1.024430543184280396e-01
3.239999999999754188e+00,8.937681991342487642e-01,-3.646580122818051661e-01,-9.142754883693674506e-01,-5.705801461783197026e-02,-3.891601833597346793e-01,4.762258272425700101e-01,1.000000000000000000e+00,-2.299089878797531128e-01,-2.171833813190460205e-01,-1.912597864866256714e-01,-9.046469628810882568e-02,-5.199937522411346436e-02,-1.113786995410919189e-01
3.259999999999751985e+00,9.004372523507153669e-01,-3.645701703924459358e-01,-9.556893328653198738e-01,-3.090336965162112509e-02,-3.856848798441429027e-01,4.871235959784911973e-01,1.000000000000000000e+00,-2.263227105140686035e-01,-2.144920527935028076e-01,-1.924477666616439819e-01,-8.760915696620941162e-02,-4.917019978165626526e-02,-1.144520491361618042e-01
3.279999999999749782e+00,9.065640774600871588e-01,-3.645604377543627539e-01,-9.999468945583229740e-01,-1.276591964472566405e-02,-3.843122708366988882e-01,4.946808668146976395e-01,1.000000000000000000e+00,-2.255646735429763794e-01,-2.109058797359466553e-01,-1.929761916399002075e-01,-8.625867217779159546e-02,-4.607345908880233765e-02,-1.129757985472679138e-01
3.299999999999747580e+00,9.122421450207820470e-01,-3.645878584990357441e-01,-1.047184848114988798e+00,-1.826128143599170528e-03,-3.837022315997012933e-01,5.007608867264996544e-01,1.000000000000000000e+00,-2.240850031375885010e-01,-2.073004245758056641e-01,-1.925570219755172729e-01,-8.485781401395797729e-02,-4.260861501097679138e-02,-1.103147864341735840e-01
3.319999999999745377e+00,9.175348471357676061e-01,-3.646549354939381260e-01,-1.098095127176931252e+00,-1.276564764289327310e-02,-3.839941872916075027e-01,5.053190198512055309e-01,1.000000000000000000e+00,-2.197416126728057861e-01,-2.026622891426086426e-01,-1.912774443626403809e-01,-8.228091150522232056e-02,-3.932315111160278320e-02,-1.089970916509628296e-01
3.339999999999743174e+00,9.224308086885963931e-01,-3.648259437467330502e-01,-1.152795135268200211e+00,-2.115268420652558282e-02,-3.847868791671076316e-01,5.088136184193856604e-01,1.000000000000000000e+00,-2.134071141481399536e-01,-1.970217674970626831e-01,-1.900666058063507080e-01,-7.900595664978027344e-02,-3.669893369078636169e-02,-1.100262403488159180e-01
3.359999999999740972e+00,9.268819353372663716e-01,-3.651840630647362751e-01,-1.210851090417341958e+00,-3.002430914800298042e-02,-3.850597334754125578e-01,5.125101288116679088e-01,1.000000000000000000e+00,-2.055979371070861816e-01,-1.904349178075790405e-01,-1.886260360479354858e-01,-7.549241185188293457e-02,-3.436064720153808594e-02,-1.125914677977561951e-01
3.379999999999738769e+00,9.308390099454189048e-01,-3.657765457340879656e-01,-1.271595598366888513e+00,-3.768041614559303198e-02,-3.852677681399508391e-01,5.157001733939970967e-01,1.000000000000000000e+00,-1.976070553064346313e-01,-1.836804151535034180e-01,-1.867732107639312744e-01,-7.222343236207962036e-02,-3.196861222386360168e-02,-1.149928867816925049e-01
3.399999999999736566e+00,9.342747120270574746e-01,-3.665869210194874217e-01,-1.334887225948168998e+00,-4.188210912625223159e-02,-3.860443451053275354e-01,5.174508788026050965e-01,1.000000000000000000e+00,-1.909858733415603638e-01,-1.783393770456314087e-01,-1.854377388954162598e-01,-6.949922442436218262e-02,-2.978122048079967499e-02,-1.164222583174705505e-01
3.419999999999734364e+00,9.371668995676873948e-01,-3.675817212859303629e-01,-1.401003163300587717e+00,-4.504042673273458280e-02,-3.866839503383107668e-01,5.187668444719727434e-01,1.000000000000000000e+00,-1.854898333549499512e-01,-1.744506359100341797e-01,-1.849187016487121582e-01,-6.698487699031829834e-02,-2.790508233010768890e-02,-1.169493347406387329e-01
3.439999999999732161e+00,9.394612936314414853e-01,-3.687608295897270572e-01,-1.469760946100227894e+00,-4.878504900912048609e-02,-3.867449361167559219e-01,5.203271037538002020e-01,1.000000000000000000e+00,-1.805159002542495728e-01,-1.713597923517227173e-01,-1.849738210439682007e-01,-6.455507129430770874e-02,-2.642615139484405518e-02,-1.169581562280654907e-01
3.459999999999729958e+00,9.410754182505819410e-01,-3.701665139498356294e-01,-1.540273596082824881e+00,-5.224478913759753734e-02,-3.864640479239254689e-01,5.217686621406656400e-01,1.000000000000000000e+00,-1.760853528976440430e-01,-1.691120266914367676e-01,-1.857646256685256958e-01,-6.251995265483856201e-02,-2.564699016511440277e-02,-1.169539317488670349e-01
3.479999999999727756e+00,9.419220098896807780e-01,-3.718549147305098002e-01,-1.611308007440984014e+00,-5.430502077997684945e-02,-3.860899844586324070e-01,5.226270919916570223e-01,1.000000000000000000e+00,-1.721404939889907837e-01,-1.678243130445480347e-01,-1.874442100524902344e-01,-6.114817783236503601e-02,-2.576965652406215668e-02,-1.172212436795234680e-01
3.499999999999725553e+00,9.419257115539101388e-01,-3.738694657588716441e-01,-1.681592122462858052e+00,-5.452189694822742044e-02,-3.856713341823672647e-01,5.227174570617614258e-01,1.000000000000000000e+00,-1.685133129358291626e-01,-1.673115342855453491e-01,-1.898573338985443115e-01,-6.059843301773071289e-02,-2.678981050848960876e-02,-1.177409291267395020e-01
3.519999999999723350e+00,9.410425623501740278e-01,-3.762274817918732084e-01,-1.749998605923793082e+00,-5.271852967888452507e-02,-3.852110104730150919e-01,5.219660540328685538e-01,1.000000000000000000e+00,-1.653915345668792725e-01,-1.674495488405227661e-01,-1.927200555801391602e-01,-6.100727990269660950e-02,-2.860024571418762207e-02,-1.184282898902893066e-01
3.539999999999721148e+00,9.392753549234309496e-01,-3.789180321745552193e-01,-1.815643457243376391e+00,-4.877653777745383223e-02,-3.847378409202669158e-01,5.203235574072724301e-01,1.000000000000000000e+00,-1.632169038057327271e-01,-1.683300733566284180e-01,-1.957142353057861328e-01,-6.235044449567794800e-02,-3.105033747851848602e-02,-1.192535832524299622e-01
3.559999999999718945e+00,9.366751528867280907e-01,-3.819116650893683573e-01,-1.877825016026815730e+00,-4.290360227303446905e-02,-3.842283184640449267e-01,5.178765009470976954e-01,1.000000000000000000e+00,-1.621251702308654785e-01,-1.700123846530914307e-01,-1.985847204923629761e-01,-6.433580815792083740e-02,-3.399345651268959045e-02,-1.201822832226753235e-01
3.579999999999716742e+00,9.333250655684914854e-01,-3.851720364578563593e-01,-1.935779833611673162e+00,-3.575824980086670518e-02,-3.835604143349503059e-01,5.148992707503611266e-01,1.000000000000000000e+00,-1.618410646915435791e-01,-1.723441183567047119e-01,-2.012472003698348999e-01,-6.664212048053741455e-02,-3.738595172762870789e-02,-1.211143657565116882e-01
3.599999999999714539e+00,9.293248837112000338e-01,-3.886905490911173322e-01,-1.988512559607944707e+00,-2.819106982823029600e-02,-3.825709265298080086e-01,5.117462790950959572e-01,1.000000000000000000e+00,-1.619295775890350342e-01,-1.749284416437149048e-01,-2.036295980215072632e-01,-6.910562515258789062e-02,-4.124487191438674927e-02,-1.218035221099853516e-01
3.619999999999712337e+00,9.247946658498064076e-01,-3.925011785798482866e-01,-2.034773310174339489e+00,-2.091364177028562713e-02,-3.811403556435777884e-01,5.087140174042856788e-01,1.000000000000000000e+00,-1.620040088891983032e-01,-1.772590577602386475e-01,-2.055313289165496826e-01,-7.168827205896377563e-02,-4.553143307566642761e-02,-1.218673661351203918e-01
3.639999999999710134e+00,9.198314464760239950e-01,-3.966286278053410830e-01,-2.073004540884746838e+00,-1.356651402865285440e-02,-3.794178418091668226e-01,5.056527141786053559e-01,1.000000000000000000e+00,-1.619331389665603638e-01,-1.790587902069091797e-01,-2.067130059003829956e-01,-7.445050030946731567e-02,-5.015678703784942627e-02,-1.209431961178779602e-01
3.659999999999707931e+00,9.145105964346622596e-01,-4.010375209570028465e-01,-2.101930332850788563e+00,-4.920695142014874790e-03,-3.777944058368015723e-01,5.020502896425061978e-01,1.000000000000000000e+00,-1.620360761880874634e-01,-1.806492656469345093e-01,-2.071234136819839478e-01,-7.754486799240112305e-02,-5.505321919918060303e-02,-1.189190298318862915e-01
3.679999999999705729e+00,9.089476312201729691e-01,-4.056649962197702575e-01,-2.121083511859547688e+00,-6.441411253626183608e-03,-3.767585715365726617e-01,4.973160786443224235e-01,1.000000000000000000e+00,-1.629822999238967896e-01,-1.829868704080581665e-01,-2.071156650781631470e-01,-8.103576302528381348e-02,-6.003991886973381042e-02,-1.162364855408668518e-01
3.699999999999703526e+00,9.032884427447237519e-01,-4.104295268242482697e-01,-2.131003527244708984e+00,-2.059192576563675242e-02,-3.764336141741789210e-01,4.914200309309846859e-01,1.000000000000000000e+00,-1.653307825326919556e-01,-1.869176179170608521e-01,-2.072530984878540039e-01,-8.484703302383422852e-02,-6.491906940937042236e-02,-1.138036549091339111e-01
3.719999999999701323e+00,8.976683341135943683e-01,-4.152630597330909112e-01,-2.132730177523321835e+00,-3.546793078563683504e-02,-3.763319340219380416e-01,4.852216955059846515e-01,1.000000000000000000e+00,-1.689066290855407715e-01,-1.920126080513000488e-01,-2.075749039649963379e-01,-8.879349380731582642e-02,-6.943412125110626221e-02,-1.122774854302406311e-01
3.739999999999699121e+00,8.921794141726552274e-01,-4.201539649114617858e-01,-2.127022749352912356e+00,-4.878902065860430542e-02,-3.758848415982138369e-01,4.796712413922482043e-01,1.000000000000000000e+00,-1.733818203210830688e-01,-1.973720341920852661e-01,-2.077566087245941162e-01,-9.290376305580139160e-02,-7.346762716770172119e-02,-1.115624681115150452e-01
3.759999999999696918e+00,8.868653896921031565e-01,-4.251516742374352731e-01,-2.114138863752488717e+00,-6.012916239530663454e-02,-3.750261615427911699e-01,4.749461823352889023e-01,1.000000000000000000e+00,-1.788434833288192749e-01,-2.026307880878448486e-01,-2.078071981668472290e-01,-9.733042865991592407e-02,-7.708714157342910767e-02,-1.110964044928550720e-01
3.779999999999694715e+00,8.817441633821010427e-01,-4.303351889743516345e-01,-2.094192595693107339e+00,-7.067344638885071639e-02,-3.741247559495011199e-01,4.705527306713122027e-01,1.000000000000000000e+00,-1.854718625545501709e-01,-2.077757865190505981e-01,-2.080948203802108765e-01,-1.019791066646575928e-01,-8.037739992141723633e-02,-1.103325784206390381e-01
3.799999999999692513e+00,8.768231416104489417e-01,-4.357614701434158744e-01,-2.067580735664314329e+00,-8.159070861027965804e-02,-3.735094300278166135e-01,4.660038714123834747e-01,1.000000000000000000e+00,-1.931359469890594482e-01,-2.128297984600067139e-01,-2.088319659233093262e-01,-1.064861938357353210e-01,-8.338500559329986572e-02,-1.089527532458305359e-01
3.819999999999690310e+00,8.721233857087110630e-01,-4.414345210085304227e-01,-2.034921677262841122e+00,-9.279116971688332327e-02,-3.731420600942365051e-01,4.613370126179652808e-01,1.000000000000000000e+00,-2.011934667825698853e-01,-2.176220118999481201e-01,-2.097321003675460815e-01,-1.103948503732681274e-01,-8.613425493240356445e-02,-1.068780422210693359e-01
3.839999999999688107e+00,8.676957894718558828e-01,-4.473584078755883375e-01,-1.996552516934737120e+00,-1.033783955979425961e-01,-3.727933515549114452e-01,4.569256685008572516e-01,1.000000000000000000e+00,-2.085430920124053955e-01,-2.215723693370819092e-01,-2.100622355937957764e-01,-1.132922619581222534e-01,-8.867497742176055908e-02,-1.040269657969474792e-01
3.859999999999685905e+00,8.635603273422776116e-01,-4.535575755726622971e-01,-1.952310295844303933e+00,-1.125828010654756905e-01,-3.722609671598414161e-01,4.530904995560517956e-01,1.000000000000000000e+00,-2.139495909214019775e-01,-2.238136529922485352e-01,-2.089920341968536377e-01,-1.148166432976722717e-01,-9.101329743862152100e-02,-1.002044454216957092e-01
3.879999999999683702e+00,8.597140354175042409e-01,-4.600559165900357517e-01,-1.901560925225735499e+00,-1.202575691853827455e-01,-3.715167024118802286e-01,4.498926795060905204e-01,1.000000000000000000e+00,-2.166683375835418701e-01,-2.236824333667755127e-01,-2.060358971357345581e-01,-1.148560866713523865e-01,-9.306713193655014038e-02,-9.528119862079620361e-02
3.899999999999681499e+00,8.561815880302465764e-01,-4.668466645392997938e-01,-1.843761111931951246e+00,-1.268109053169184375e-01,-3.707189219464454566e-01,4.471621227846173108e-01,1.000000000000000000e+00,-2.169480323791503906e-01,-2.211269736289978027e-01,-2.013801336288452148e-01,-1.137527003884315491e-01,-9.469924122095108032e-02,-8.953934907913208008e-02
3.919999999999679297e+00,8.530696161225452823e-01,-4.738589039942207037e-01,-1.779311776138233547e+00,-1.328073070291676261e-01,-3.701325657820435655e-01,4.446636220711801535e-01,1.000000000000000000e+00,-2.158637791872024536e-01,-2.168826609849929810e-01,-1.958358585834503174e-01,-1.121783852577209473e-01,-9.575413167476654053e-02,-8.376456797122955322e-02
3.939999999999677094e+00,8.505722180406902755e-01,-4.809534843692906958e-01,-1.710131383997808285e+00,-1.385236050188773382e-01,-3.700001252509177441e-01,4.422818312421344378e-01,1.000000000000000000e+00,-2.147260904312133789e-01,-2.124103605747222900e-01,-1.905902922153472900e-01,-1.107651144266128540e-01,-9.616938978433609009e-02,-7.886534184217453003e-02
3.959999999999674891e+00,8.489188138204161183e-01,-4.879600152353916753e-01,-1.639566483440214828e+00,-1.436229264750568391e-01,-3.703985996632986888e-01,4.401571139687263101e-01,1.000000000000000000e+00,-2.146486192941665649e-01,-2.092519700527191162e-01,-1.867975145578384399e-01,-1.098675504326820374e-01,-9.605235606431961060e-02,-7.548727095127105713e-02
3.979999999999672688e+00,8.482929483160872586e-01,-4.947311750751711701e-01,-1.571572138022926168e+00,-1.471073321496598751e-01,-3.711491179924828465e-01,4.387052782709750520e-01,1.000000000000000000e+00,-2.162560820579528809e-01,-2.082007378339767456e-01,-1.850637346506118774e-01,-1.095183938741683960e-01,-9.553331136703491211e-02,-7.389310002326965332e-02
3.999999999999670486e+00,8.487642741522294365e-01,-5.011671183229630122e-01,-1.509459253244725296e+00,-1.477016656942575779e-01,-3.718770590811255050e-01,4.384576392940593426e-01,1.000000000000000000e+00,-2.194255590438842773e-01,-2.091789841651916504e-01,-1.851844787597656250e-01,-1.094382405281066895e-01,-9.459757059812545776e-02,-7.395382970571517944e-02
4.019999999999677165e+00,8.502678350066238400e-01,-5.072313189270749589e-01,-1.454891594230606211e+00,-1.445464030201006056e-01,-3.722279516970549706e-01,4.397723320749580833e-01,1.000000000000000000e+00,-2.232187241315841675e-01,-2.114276885986328125e-01,-1.862241327762603760e-01,-1.090950295329093933e-01,-9.306262433528900146e-02,-7.519537955522537231e-02
4.039999999999683844e+00,8.526288792098442038e-01,-5.129196788260833584e-01,-1.407631586869181106e+00,-1.378609975754206685e-01,-3.721204348699581055e-01,4.425579176769080525e-01,1.000000000000000000e+00,-2.263715267181396484e-01,-2.136917263269424438e-01,-1.870742440223693848e-01,-1.080157682299613953e-01,-9.071271121501922607e-02,-7.687304913997650146e-02
4.059999999999690523e+00,8.556369767834930418e-01,-5.182192043713825802e-01,-1.366097716712877386e+00,-1.289904099682718519e-01,-3.718285457181854659e-01,4.462539958465533974e-01,1.000000000000000000e+00,-2.282141000032424927e-01,-2.144105732440948486e-01,-1.869572848081588745e-01,-1.062763631343841553e-01,-8.748563379049301147e-02,-7.803519815206527710e-02
4.079999999999697202e+00,8.591426692553417732e-01,-5.231091596490183848e-01,-1.328540638598677326e+00,-1.196436330289074590e-01,-3.717928718959256917e-01,4.501484862379552254e-01,1.000000000000000000e+00,-2.289056330919265747e-01,-2.127841562032699585e-01,-1.855559647083282471e-01,-1.044347658753395081e-01,-8.342169225215911865e-02,-7.796066999435424805e-02
4.099999999999703881e+00,8.630957653275022068e-01,-5.275764284923958325e-01,-1.294275580311723406e+00,-1.110077113350962374e-01,-3.723578433474364902e-01,4.537467869437099011e-01,1.000000000000000000e+00,-2.289729714393615723e-01,-2.095894962549209595e-01,-1.831269562244415283e-01,-1.029186174273490906e-01,-7.861897349357604980e-02,-7.689885795116424561e-02
4.119999999999710560e+00,8.675304148519794589e-01,-5.316244117732797925e-01,-1.264293601405471534e+00,-1.034396097431441591e-01,-3.736503083974435091e-01,4.569001626070232636e-01,1.000000000000000000e+00,-2.288876473903656006e-01,-2.062915563583374023e-01,-1.803715378046035767e-01,-1.016845181584358215e-01,-7.340429723262786865e-02,-7.604081928730010986e-02
4.139999999999717240e+00,8.725062462890833537e-01,-5.352554449224762312e-01,-1.240847291425531518e+00,-9.674667373970259610e-02,-3.756356771880621226e-01,4.596888859417905815e-01,1.000000000000000000e+00,-2.290390580892562866e-01,-2.041505575180053711e-01,-1.783230304718017578e-01,-1.004253402352333069e-01,-6.838051974773406982e-02,-7.674902677536010742e-02
4.159999999999723919e+00,8.780509065364813237e-01,-5.385168908684596634e-01,-1.226773448883954343e+00,-9.045492465130031134e-02,-3.781951768409673176e-01,4.623104480619582013e-01,1.000000000000000000e+00,-2.299766689538955688e-01,-2.042613476514816284e-01,-1.782598197460174561e-01,-9.902523458003997803e-02,-6.410301476716995239e-02,-8.000081777572631836e-02
4.179999999999730598e+00,8.841264755070068482e-01,-5.414922844468852414e-01,-1.224880852725690694e+00,-8.384465673044373679e-02,-3.810539393928580876e-01,4.650647263623151062e-01,1.000000000000000000e+00,-2.322373390197753906e-01,-2.076966315507888794e-01,-1.812598854303359985e-01,-9.774910658597946167e-02,-6.074056774377822876e-02,-8.639860898256301880e-02
4.199999999999737277e+00,8.906236132163665165e-01,-5.442516610013052869e-01,-1.237102152532218780e+00,-7.518084775753615390e-02,-3.835228162848640099e-01,4.686746467676932704e-01,1.000000000000000000e+00,-2.352057397365570068e-01,-2.144277989864349365e-01,-1.870112866163253784e-01,-9.677381813526153564e-02,-5.814372375607490540e-02,-9.584061056375503540e-02
4.219999999999743956e+00,8.973108455196405764e-01,-5.468458773095673520e-01,-1.262887433902599277e+00,-6.131734254138647422e-02,-3.843605078781028306e-01,4.744511072744223013e-01,1.000000000000000000e+00,-2.359994351863861084e-01,-2.210049778223037720e-01,-1.928077191114425659e-01,-9.535173326730728149e-02,-5.591817945241928101e-02,-1.062312796711921692e-01
4.239999999999750635e+00,9.038283409865254248e-01,-5.493011867931008041e-01,-1.298248419422264321e+00,-4.245556150221108105e-02,-3.833985630270780876e-01,4.823101827074120496e-01,1.000000000000000000e+00,-2.330736964941024780e-01,-2.223619818687438965e-01,-1.957722306251525879e-01,-9.268538653850555420e-02,-5.348875001072883606e-02,-1.133276075124740601e-01
4.259999999999757314e+00,9.099031196311944125e-01,-5.516209948672643471e-01,-1.338551657386026772e+00,-2.420813850735696951e-02,-3.822925297341833173e-01,4.899132756219345963e-01,1.000000000000000000e+00,-2.307266741991043091e-01,-2.197812795639038086e-01,-1.968894153833389282e-01,-9.043199568986892700e-02,-5.080888047814369202e-02,-1.150557249784469604e-01
4.279999999999763993e+00,9.155197050337208209e-01,-5.538002955200200805e-01,-1.382045712378529689e+00,-9.447857668779535700e-03,-3.819101572139818601e-01,4.960633926380085268e-01,1.000000000000000000e+00,-2.301305383443832397e-01,-2.168897688388824463e-01,-1.974246054887771606e-01,-8.923978358507156372e-02,-4.790322482585906982e-02,-1.134886220097541809e-01
4.299999999999770672e+00,9.207636620118033743e-01,-5.558447893468749790e-01,-1.429135333226279725e+00,-2.851532111277332773e-03,-3.819856488905095659e-01,5.011881383796988887e-01,1.000000000000000000e+00,-2.277798652648925781e-01,-2.134517133235931396e-01,-1.968967616558074951e-01,-8.743076771497726440e-02,-4.477040469646453857e-02,-1.115987971425056458e-01
4.319999999999777351e+00,9.256487507845447826e-01,-5.577898944087533728e-01,-1.480188328515518625e+00,-1.390524027525179458e-02,-3.821820345674275532e-01,5.057938501146882482e-01,1.000000000000000000e+00,-2.228503972291946411e-01,-2.087018489837646484e-01,-1.957079321146011353e-01,-8.451149612665176392e-02,-4.188271239399909973e-02,-1.112165004014968872e-01
4.339999999999784031e+00,9.301185720903097920e-01,-5.596928428798579880e-01,-1.535008612192070743e+00,-2.449613681002498281e-02,-3.822342542159164469e-01,5.102067236708437425e-01,1.000000000000000000e+00,-2.161770313978195190e-01,-2.027608007192611694e-01,-1.944296061992645264e-01,-8.100994676351547241e-02,-3.939979523420333862e-02,-1.126863956451416016e-01
4.359999999999790710e+00,9.340998350948928053e-01,-5.616070670622920202e-01,-1.593020877597227436e+00,-3.452177144811345577e-02,-3.821183182351370333e-01,5.143840714367139411e-01,1.000000000000000000e+00,-2.084113359451293945e-01,-1.958987563848495483e-01,-1.927806586027145386e-01,-7.738777250051498413e-02,-3.694077953696250916e-02,-1.149565577507019043e-01
4.379999999999797389e+00,9.375472386640616440e-01,-5.635482593415287456e-01,-1.653717136034686064e+00,-4.281320084086210481e-02,-3.821371368961087867e-01,5.178388336836925454e-01,1.000000000000000000e+00,-2.009112089872360229e-01,-1.892785131931304932e-01,-1.909760981798171997e-01,-7.413358241319656372e-02,-3.445046767592430115e-02,-1.167714893817901611e-01
4.399999999999804068e+00,9.404488893457524368e-01,-5.654880597644320606e-01,-1.717113856097352231e+00,-4.923069231063452456e-02,-3.823094220797842446e-01,5.205127884627643864e-01,1.000000000000000000e+00,-1.945009827613830566e-01,-1.839816868305206299e-01,-1.897005587816238403e-01,-7.127869129180908203e-02,-3.218531981110572815e-02,-1.177215352654457092e-01
4.419999999999810747e+00,9.427819878302035050e-01,-5.673957587591031970e-01,-1.783356163968052410e+00,-5.460433905543453370e-02,-3.823858956899276462e-01,5.227518079397643902e-01,1.000000000000000000e+00,-1.888601779937744141e-01,-1.798409968614578247e-01,-1.890997886657714844e-01,-6.851317733526229858e-02,-3.025382757186889648e-02,-1.179626360535621643e-01
4.439999999999817426e+00,9.444827151036986335e-01,-5.692603845708115173e-01,-1.852106519960679876e+00,-5.905818278391494758e-02,-3.823094325421417250e-01,5.246075761599645615e-01,1.000000000000000000e+00,-1.837893128395080566e-01,-1.766030043363571167e-01,-1.891674697399139404e-01,-6.591514497995376587e-02,-2.883111312985420227e-02,-1.178990527987480164e-01
4.459999999999824105e+00,9.454584872889677527e-01,-5.710921694606968524e-01,-1.922504754530663496e+00,-6.207346700155200181e-02,-3.821776694641048078e-01,5.258639445839800031e-01,1.000000000000000000e+00,-1.793002933263778687e-01,-1.743484735488891602e-01,-1.900297552347183228e-01,-6.379806250333786011e-02,-2.814521454274654388e-02,-1.179342642426490784e-01
4.479999999999830784e+00,9.456108548967299132e-01,-5.729102316249384819e-01,-1.993376357598550364e+00,-6.336197401465781809e-02,-3.820076752002665166e-01,5.264008225061074242e-01,1.000000000000000000e+00,-1.751736551523208618e-01,-1.729530394077301025e-01,-1.916287541389465332e-01,-6.236937642097473145e-02,-2.827469818294048309e-02,-1.181960701942443848e-01
4.499999999999837463e+00,9.448554925948713379e-01,-5.747302369556931412e-01,-2.063406755714976448e+00,-6.305812456457689230e-02,-3.817062095276931855e-01,5.262742185685737040e-01,1.000000000000000000e+00,-1.712368875741958618e-01,-1.721258759498596191e-01,-1.937250196933746338e-01,-6.176714226603507996e-02,-2.916747145354747772e-02,-1.185962334275245667e-01
4.519999999999844142e+00,9.431484677517697479e-01,-5.765572795162281494e-01,-2.131381169432892797e+00,-6.134080844044449005e-02,-3.811960065088540461e-01,5.255586701835185393e-01,1.000000000000000000e+00,-1.677933037281036377e-01,-1.718250215053558350e-01,-1.961117833852767944e-01,-6.212316825985908508e-02,-3.075162693858146667e-02,-1.190875917673110962e-01
4.539999999999850822e+00,9.405025097350905305e-01,-5.783852449559687692e-01,-2.196380112367604998e+00,-5.822961497898111044e-02,-3.804793373786218291e-01,5.242623395745754644e-01,1.000000000000000000e+00,-1.653320342302322388e-01,-1.722299605607986450e-01,-1.985650360584259033e-01,-6.339965760707855225e-02,-3.293659910559654236e-02,-1.196952238678932190e-01
4.559999999999857501e+00,9.369812141716817866e-01,-5.802052330065119445e-01,-2.257727294685874408e+00,-5.370503342304164957e-02,-3.795989624282761210e-01,5.223770972596006867e-01,1.000000000000000000e+00,-1.639328151941299438e-01,-1.734078675508499146e-01,-2.008788287639617920e-01,-6.530053168535232544e-02,-3.562626987695693970e-02,-1.203949004411697388e-01
4.579999999999864180e+00,9.326757610043681090e-01,-5.820131808614197322e-01,-2.314695667469300222e+00,-4.786553714798431197e-02,-3.785835113402829522e-01,5.199439738116601317e-01,1.000000000000000000e+00,-1.632545441389083862e-01,-1.751553416252136230e-01,-2.029779255390167236e-01,-6.751085072755813599e-02,-3.880096971988677979e-02,-1.210485845804214478e-01
4.599999999999870859e+00,9.276796464842964607e-01,-5.838401365276031374e-01,-2.366302010392021593e+00,-4.096129087758377391e-02,-3.774297050934561915e-01,5.170672045323265742e-01,1.000000000000000000e+00,-1.628504991531372070e-01,-1.770233064889907837e-01,-2.047736644744873047e-01,-6.987629830837249756e-02,-4.247132688760757446e-02,-1.213583797216415405e-01
4.619999999999877538e+00,9.220888678289380636e-01,-5.857632247668226322e-01,-2.411267799296180403e+00,-3.344563455645666039e-02,-3.760801086042981356e-01,5.139356810651902752e-01,1.000000000000000000e+00,-1.623946726322174072e-01,-1.785249263048171997e-01,-2.060581147670745850e-01,-7.238442450761795044e-02,-4.658618941903114319e-02,-1.209179013967514038e-01
4.639999999999884217e+00,9.159794718340519282e-01,-5.878272075700985422e-01,-2.448054916798099612e+00,-2.512374986680310229e-02,-3.746313026940857882e-01,5.104682291111679593e-01,1.000000000000000000e+00,-1.618915200233459473e-01,-1.795463114976882935e-01,-2.066368162631988525e-01,-7.514292001724243164e-02,-5.106216296553611755e-02,-1.194020360708236694e-01
4.659999999999890896e+00,9.094435667488429687e-01,-5.900177904892034420e-01,-2.475562809178875057e+00,-1.537092346264445908e-02,-3.733145498100441384e-01,5.064045514427685246e-01,1.000000000000000000e+00,-1.618078798055648804e-01,-1.806892156600952148e-01,-2.066047787666320801e-01,-7.831715047359466553e-02,-5.581206828355789185e-02,-1.168435439467430115e-01
4.679999999999897575e+00,9.026233707641596604e-01,-5.923082627701722336e-01,-2.493598774063209511e+00,-3.479081846851972415e-03,-3.724210281914780984e-01,5.014496174361883218e-01,1.000000000000000000e+00,-1.627983152866363525e-01,-1.830591559410095215e-01,-2.064772248268127441e-01,-8.189625293016433716e-02,-6.064940243959426880e-02,-1.138985753059387207e-01
4.699999999999904254e+00,8.956835076688167696e-01,-5.946692851833444982e-01,-2.502850378197638559e+00,-1.022932649982517470e-02,-3.719640799542091036e-01,4.957377806250728436e-01,1.000000000000000000e+00,-1.650695204734802246e-01,-1.870847642421722412e-01,-2.066455632448196411e-01,-8.563651144504547119e-02,-6.533114612102508545e-02,-1.114800721406936646e-01
4.719999999999910933e+00,8.887556847860674791e-01,-5.970976893716481992e-01,-2.504181798587520102e+00,-2.426187439419944317e-02,-3.716193366614428673e-01,4.898908856690835645e-01,1.000000000000000000e+00,-1.682467907667160034e-01,-1.919620186090469360e-01,-2.068634182214736938e-01,-8.933600038290023804e-02,-6.959956884384155273e-02,-1.099880486726760864e-01
4.739999999999917613e+00,8.819088357958413393e-01,-5.996357072418350143e-01,-2.498032332670588662e+00,-3.734231189166518916e-02,-3.710987955132334370e-01,4.844407033784728367e-01,1.000000000000000000e+00,-1.722467094659805298e-01,-1.969816833734512329e-01,-2.068586647510528564e-01,-9.319237619638442993e-02,-7.342015951871871948e-02,-1.091390550136566162e-01
4.759999999999924292e+00,8.751615664074454681e-01,-6.023547352828890755e-01,-2.484517064771807782e+00,-4.930979614147163598e-02,-3.703985189978209469e-01,4.794542516077201499e-01,1.000000000000000000e+00,-1.773872524499893188e-01,-2.020298242568969727e-01,-2.068567276000976562e-01,-9.743697941303253174e-02,-7.689149677753448486e-02,-1.084254607558250427e-01
4.779999999999930971e+00,8.685136680352275595e-01,-6.053305940636136695e-01,-2.463851087061417200e+00,-6.073939375806092222e-02,-3.697026004969108381e-01,4.746919192674746157e-01,1.000000000000000000e+00,-1.838226765394210815e-01,-2.071272432804107666e-01,-2.072535902261734009e-01,-1.019199192523956299e-01,-8.007059991359710693e-02,-1.074594333767890930e-01
4.799999999999937650e+00,8.619649049485484937e-01,-6.086077262875251304e-01,-2.436601281584168888e+00,-7.209403020369994919e-02,-3.691450352249737166e-01,4.699608207484583522e-01,1.000000000000000000e+00,-1.912727206945419312e-01,-2.121924757957458496e-01,-2.080883979797363281e-01,-1.062263250350952148e-01,-8.297844231128692627e-02,-1.060417518019676208e-01
4.819999999999944329e+00,8.555406339004024696e-01,-6.121936360634582242e-01,-2.403424891703962452e+00,-8.319227206646333250e-02,-3.686845920167191037e-01,4.653365533056402770e-01,1.000000000000000000e+00,-1.990154832601547241e-01,-2.169177234172821045e-01,-2.089186608791351318e-01,-1.099195405840873718e-01,-8.563788235187530518e-02,-1.041054874658584595e-01
4.839999999999951008e+00,8.492807929843178005e-01,-6.161136667136237755e-01,-2.364573408555779910e+00,-9.350004610941291261e-02,-3.682032451165706544e-01,4.610416474544112853e-01,1.000000000000000000e+00,-2.060046344995498657e-01,-2.206604629755020142e-01,-2.089818120002746582e-01,-1.126410663127899170e-01,-8.809964358806610107e-02,-1.014757677912712097e-01
4.859999999999957687e+00,8.431873590014671294e-01,-6.204010300091532537e-01,-2.319786649654902444e+00,-1.027041254853881119e-01,-3.676296469131210554e-01,4.572066143810882832e-01,1.000000000000000000e+00,-2.111253887414932251e-01,-2.226167023181915283e-01,-2.075314372777938843e-01,-1.140721216797828674e-01,-9.035532176494598389e-02,-9.785260260105133057e-02
4.879999999999964366e+00,8.372498921502676827e-01,-6.250770470238220522e-01,-2.268419980953074067e+00,-1.109099011929078615e-01,-3.670068172888016900e-01,4.537875411696217220e-01,1.000000000000000000e+00,-2.136947661638259888e-01,-2.222349196672439575e-01,-2.042313516139984131e-01,-1.141030266880989075e-01,-9.231571853160858154e-02,-9.308937191963195801e-02
4.899999999999971045e+00,8.315035094914082769e-01,-6.301403328448629271e-01,-2.210027698360383486e+00,-1.184576061190349416e-01,-3.664719644984888447e-01,4.506426641170687697e-01,1.000000000000000000e+00,-2.139647006988525391e-01,-2.195553034543991089e-01,-1.994067430496215820e-01,-1.130556091666221619e-01,-9.386764466762542725e-02,-8.753953129053115845e-02
4.919999999999977724e+00,8.260845471345203972e-01,-6.355574772208618661e-01,-2.145168812482535881e+00,-1.255734308252220155e-01,-3.661893327054571157e-01,4.476777371561574959e-01,1.000000000000000000e+00,-2.130159288644790649e-01,-2.153463065624237061e-01,-1.939245164394378662e-01,-1.115841418504714966e-01,-9.489668905735015869e-02,-8.205248415470123291e-02
4.939999999999984404e+00,8.212289942623262062e-01,-6.412651237958839623e-01,-2.075898709943993392e+00,-1.320747534343527096e-01,-3.662615627945282615e-01,4.449688527356863710e-01,1.000000000000000000e+00,-2.121424376964569092e-01,-2.110268771648406982e-01,-1.889270097017288208e-01,-1.102957800030708313e-01,-9.534870833158493042e-02,-7.752580940723419189e-02
4.959999999999991083e+00,8.172062163999461726e-01,-6.471876721888293327e-01,-2.005592452045128482e+00,-1.372666161786506023e-01,-3.666506846274847908e-01,4.428055765922289111e-01,1.000000000000000000e+00,-2.123691737651824951e-01,-2.080433964729309082e-01,-1.854530125856399536e-01,-1.095065250992774963e-01,-9.529893100261688232e-02,-7.452245056629180908e-02
4.979999999999997762e+00,8.142259210959492677e-01,-6.532563889189284545e-01,-1.938072575105524331e+00,-1.400954304450467980e-01,-3.671524457193087176e-01,4.416269039812305008e-01,1.000000000000000000e+00,-2.141831964254379272e-01,-2.070544064044952393e-01,-1.839693933725357056e-01,-1.092018410563468933e-01,-9.482741355895996094e-02,-7.319445908069610596e-02
5.000000000000004441e+00,8.123731192985587102e-01,-6.594050374881614829e-01,-1.876386152766724935e+00,-1.395636286225662437e-01,-3.674756905692322384e-01,4.418484880739307341e-01,1.000000000000000000e+00,-2.173726260662078857e-01,-2.078622579574584961e-01,-1.841757595539093018e-01,-1.090837791562080383e-01,-9.388055652379989624e-02,-7.332923263311386108e-02
5.020000000000011120e+00,8.115928770946694293e-01,-6.655766133150380348e-01,-1.821943916820622622e+00,-1.352766344351685190e-01,-3.674192747681472304e-01,4.436347356520131124e-01,1.000000000000000000e+00,-2.210719585418701172e-01,-2.097111344337463379e-01,-1.851609647274017334e-01,-1.086790040135383606e-01,-9.228714555501937866e-02,-7.443340122699737549e-02
5.040000000000017799e+00,8.117319137022199760e-01,-6.717056872955173841e-01,-1.774447800044516743e+00,-1.278657988670098000e-01,-3.670469511088406689e-01,4.467225838054125764e-01,1.000000000000000000e+00,-2.242375612258911133e-01,-2.115475088357925415e-01,-1.859670877456665039e-01,-1.076311543583869934e-01,-8.989722281694412231e-02,-7.584778964519500732e-02
5.060000000000024478e+00,8.126183814808161099e-01,-6.777094202812581347e-01,-1.732538177924054956e+00,-1.188467568048931500e-01,-3.666972719908007661e-01,4.504805179979611829e-01,1.000000000000000000e+00,-2.263369709253311157e-01,-2.121574282646179199e-01,-1.859793066978454590e-01,-1.060543060302734375e-01,-8.670280128717422485e-02,-7.684601843357086182e-02
5.080000000000031157e+00,8.141390543486839437e-01,-6.835219285470797157e-01,-1.694864885975456925e+00,-1.098564921273873646e-01,-3.667907568954420494e-01,4.542264616135885946e-01,1.000000000000000000e+00,-2.275031805038452148e-01,-2.109470665454864502e-01,-1.849545389413833618e-01,-1.044265702366828918e-01,-8.276057988405227661e-02,-7.696234434843063354e-02
5.100000000000037836e+00,8.162560894731284433e-01,-6.891205383016911767e-01,-1.661096745145318909e+00,-1.018689883917195532e-01,-3.676013086857707335e-01,4.575545881701168494e-01,1.000000000000000000e+00,-2.281875908374786377e-01,-2.086028158664703369e-01,-1.831177175045013428e-01,-1.031028777360916138e-01,-7.818423211574554443e-02,-7.650478929281234741e-02
5.120000000000044516e+00,8.189923091669888411e-01,-6.945135249637336416e-01,-1.632355931799844173e+00,-9.485167311596139073e-02,-3.691097389773658199e-01,4.604784695350160884e-01,1.000000000000000000e+00,-2.288362830877304077e-01,-2.064711004495620728e-01,-1.811458915472030640e-01,-1.020553112030029297e-01,-7.329119741916656494e-02,-7.653007656335830688e-02
5.140000000000051195e+00,8.223854154191290178e-01,-6.997212660397882367e-01,-1.610803734008933841e+00,-8.835016469917982007e-02,-3.711962314595361190e-01,4.631874313753417405e-01,1.000000000000000000e+00,-2.298048883676528931e-01,-2.057630270719528198e-01,-1.800400465726852417e-01,-1.010307967662811279e-01,-6.860455870628356934e-02,-7.821746170520782471e-02
5.160000000000057874e+00,8.264238752136607857e-01,-7.048000260518296756e-01,-1.599098920920378530e+00,-8.161826872920734111e-02,-3.736397337203030689e-01,4.659923880294969400e-01,1.000000000000000000e+00,-2.315370887517929077e-01,-2.074707001447677612e-01,-1.810029894113540649e-01,-9.994995594024658203e-02,-6.459426879882812500e-02,-8.239855617284774780e-02
5.180000000000064553e+00,8.310279361621566441e-01,-7.098007540731494647e-01,-1.599715878997023610e+00,-7.360018411834405583e-02,-3.760348945328131354e-01,4.693332566173566422e-01,1.000000000000000000e+00,-2.342788577079772949e-01,-2.122749090194702148e-01,-1.848017871379852295e-01,-9.900306910276412964e-02,-6.140111386775970459e-02,-8.945467323064804077e-02
5.200000000000071232e+00,8.360511633772560458e-01,-7.147304427517722214e-01,-1.613936475794390146e+00,-6.218648111888777641e-02,-3.775672502489830773e-01,4.740889662004634242e-01,1.000000000000000000e+00,-2.369149476289749146e-01,-2.192478775978088379e-01,-1.905411332845687866e-01,-9.812308102846145630e-02,-5.887352675199508667e-02,-9.881598502397537231e-02
5.220000000000077911e+00,8.412394861913778943e-01,-7.195343987846583023e-01,-1.640362985673804008e+00,-4.546086793364114559e-02,-3.774255099217125320e-01,4.810579716943161888e-01,1.000000000000000000e+00,-2.368304431438446045e-01,-2.244611233472824097e-01,-1.953900307416915894e-01,-9.649940580129623413e-02,-5.662672221660614014e-02,-1.079456880688667297e-01
5.240000000000084590e+00,8.462815253766005075e-01,-7.241158090836593564e-01,-1.674976733132770956e+00,-2.604981580621070630e-02,-3.762535754614751426e-01,4.891459100807455385e-01,1.000000000000000000e+00,-2.342174500226974487e-01,-2.248321622610092163e-01,-1.977315396070480347e-01,-9.402731060981750488e-02,-5.422897636890411377e-02,-1.133762151002883911e-01
5.260000000000091269e+00,8.509970013324048566e-01,-7.284106472026102841e-01,-1.714194693227861555e+00,-8.528549937692498153e-03,-3.753580002015759476e-01,4.964464375259614592e-01,1.000000000000000000e+00,-2.325925827026367188e-01,-2.226356416940689087e-01,-1.988101899623870850e-01,-9.217760711908340454e-02,-5.168383195996284485e-02,-1.143367737531661987e-01
5.280000000000097948e+00,8.553984402288040689e-01,-7.324243082310523123e-01,-1.757037048510257105e+00,-6.275236733300903515e-03,-3.749799608172523224e-01,5.026146819722087100e-01,1.000000000000000000e+00,-2.314632982015609741e-01,-2.200646996498107910e-01,-1.991987526416778564e-01,-9.078103303909301758e-02,-4.897696897387504578e-02,-1.130541339516639709e-01
5.300000000000104627e+00,8.595320924266380835e-01,-7.361906959346673496e-01,-1.803869270949890025e+00,-1.941433566681709591e-02,-3.748498808776076774e-01,5.080893065278404563e-01,1.000000000000000000e+00,-2.283118665218353271e-01,-2.165488451719284058e-01,-1.986077874898910522e-01,-8.855649828910827637e-02,-4.616700857877731323e-02,-1.119430363178253174e-01
5.320000000000111307e+00,8.633707890892207137e-01,-7.397421568718575147e-01,-1.854826032747754150e+00,-3.150274149563623421e-02,-3.747914460161390071e-01,5.131261422898484303e-01,1.000000000000000000e+00,-2.229836434125900269e-01,-2.116228938102722168e-01,-1.974778622388839722e-01,-8.538924902677536011e-02,-4.353959113359451294e-02,-1.122342720627784729e-01
5.340000000000117986e+00,8.668356654259603555e-01,-7.431064251380772312e-01,-1.909550915751477174e+00,-4.284195561282375803e-02,-3.746713931559195188e-01,5.178508148386765653e-01,1.000000000000000000e+00,-2.161417752504348755e-01,-2.054147273302078247e-01,-1.960777789354324341e-01,-8.173432201147079468e-02,-4.104967787861824036e-02,-1.138258203864097595e-01
5.360000000000124665e+00,8.698481368081392162e-01,-7.463027046492720640e-01,-1.967441170127560257e+00,-5.302018530293661769e-02,-3.745557148740714659e-01,5.220917438762235907e-01,1.000000000000000000e+00,-2.085707932710647583e-01,-1.984379887580871582e-01,-1.943024247884750366e-01,-7.805832475423812866e-02,-3.846244141459465027e-02,-1.156819462776184082e-01
5.380000000000131344e+00,8.723706113917604199e-01,-7.493275285438845135e-01,-2.028089198183970598e+00,-6.149845779376689886e-02,-3.745650158252760709e-01,5.256243574140695429e-01,1.000000000000000000e+00,-2.013787925243377686e-01,-1.918729394674301147e-01,-1.925290822982788086e-01,-7.474056631326675415e-02,-3.589722141623497009e-02,-1.169589310884475708e-01
5.400000000000138023e+00,8.743964114396518550e-01,-7.521514894802923124e-01,-2.091488702246405484e+00,-6.873922576800230166e-02,-3.745553983154525368e-01,5.286413440700009625e-01,1.000000000000000000e+00,-1.949416548013687134e-01,-1.863970160484313965e-01,-1.912417411804199219e-01,-7.167606800794601440e-02,-3.357563167810440063e-02,-1.174956262111663818e-01
5.420000000000144702e+00,8.758993933193333081e-01,-7.547409755655918318e-01,-2.157624174028597075e+00,-7.527735413341840598e-02,-3.743673064498526659e-01,5.313655642222576692e-01,1.000000000000000000e+00,-1.891149729490280151e-01,-1.819476336240768433e-01,-1.906089335680007935e-01,-6.869532167911529541e-02,-3.164021670818328857e-02,-1.175229996442794800e-01
5.440000000000151381e+00,8.768183630420725017e-01,-7.570645071042658714e-01,-2.226113760034088784e+00,-8.078481994592853765e-02,-3.740614755078119913e-01,5.336603416441368930e-01,1.000000000000000000e+00,-1.839468628168106079e-01,-1.785547435283660889e-01,-1.907483637332916260e-01,-6.598798185586929321e-02,-3.028799220919609070e-02,-1.174360811710357666e-01
5.460000000000158060e+00,8.770693227044953355e-01,-7.590965004212631984e-01,-2.296207377840293606e+00,-8.453967051733579652e-02,-3.737807632152139181e-01,5.352248627155565819e-01,1.000000000000000000e+00,-1.794142723083496094e-01,-1.762563139200210571e-01,-1.916973590850830078e-01,-6.382990628480911255e-02,-2.966775372624397278e-02,-1.175233647227287292e-01
5.480000000000164739e+00,8.765592745385427653e-01,-7.608173974103208392e-01,-2.366818161146180710e+00,-8.618985418181664138e-02,-3.735553637301645136e-01,5.359124392424235994e-01,1.000000000000000000e+00,-1.751918643712997437e-01,-1.747451722621917725e-01,-1.932274848222732544e-01,-6.237395107746124268e-02,-2.977059409022331238e-02,-1.177833005785942078e-01
5.500000000000171418e+00,8.752040324592563758e-01,-7.622133615002280038e-01,-2.436593857907094929e+00,-8.588281438333052187e-02,-3.732902266834243754e-01,5.357845059930543830e-01,1.000000000000000000e+00,-1.710886806249618530e-01,-1.736642271280288696e-01,-1.950416117906570435e-01,-6.173184514045715332e-02,-3.052054718136787415e-02,-1.180783212184906006e-01
5.520000000000178098e+00,8.729587395242235370e-01,-7.632785605123009187e-01,-2.504211066150913823e+00,-8.394141087615984709e-02,-3.728729121129219504e-01,5.349755878650666041e-01,1.000000000000000000e+00,-1.674495786428451538e-01,-1.730226278305053711e-01,-1.969934254884719849e-01,-6.202415749430656433e-02,-3.188246861100196838e-02,-1.183832138776779175e-01
5.540000000000184777e+00,8.698366929392966629e-01,-7.640171840681871940e-01,-2.568663014976044767e+00,-8.062669211595475949e-02,-3.722442667363531910e-01,5.335944550483144866e-01,1.000000000000000000e+00,-1.647668927907943726e-01,-1.730411648750305176e-01,-1.989371925592422485e-01,-6.321627646684646606e-02,-3.381850570440292358e-02,-1.187585294246673584e-01
5.560000000000191456e+00,8.659008652135298245e-01,-7.644468662610434118e-01,-2.629242931977107567e+00,-7.610503874835536364e-02,-3.714006156626483146e-01,5.317104328118147372e-01,1.000000000000000000e+00,-1.630861908197402954e-01,-1.737804114818572998e-01,-2.007182687520980835e-01,-6.503278762102127075e-02,-3.627579659223556519e-02,-1.191910207271575928e-01
5.580000000000198135e+00,8.612378913904514821e-01,-7.645979333125709765e-01,-2.685234860215520047e+00,-7.050342466647503692e-02,-3.703652745574109173e-01,5.293764269443645976e-01,1.000000000000000000e+00,-1.620408147573471069e-01,-1.749993562698364258e-01,-2.022715061902999878e-01,-6.717140972614288330e-02,-3.924843296408653259e-02,-1.195199862122535706e-01
5.600000000000204814e+00,8.559237063208944285e-01,-7.645353143964785936e-01,-2.735685885102231207e+00,-6.395286692568973030e-02,-3.691682323571738311e-01,5.266470278857040554e-01,1.000000000000000000e+00,-1.612018793821334839e-01,-1.762313842773437500e-01,-2.035020291805267334e-01,-6.948134303092956543e-02,-4.273727908730506897e-02,-1.194194629788398743e-01
5.620000000000211493e+00,8.500203546246816178e-01,-7.643616204539473991e-01,-2.779326064028350363e+00,-5.669426737544895623e-02,-3.678047949193649635e-01,5.236226114064370663e-01,1.000000000000000000e+00,-1.603179723024368286e-01,-1.770476549863815308e-01,-2.042206078767776489e-01,-7.196251302957534790e-02,-4.667919501662254333e-02,-1.184860542416572571e-01
5.640000000000218172e+00,8.435868018583854155e-01,-7.641286695208179269e-01,-2.814714321528537067e+00,-4.822849112239441932e-02,-3.664438461780543110e-01,5.200952046343310098e-01,1.000000000000000000e+00,-1.595261245965957642e-01,-1.775196194648742676e-01,-2.043149024248123169e-01,-7.475281506776809692e-02,-5.099637806415557861e-02,-1.164606288075447083e-01
5.660000000000224851e+00,8.367268265733140975e-01,-7.638521756211302804e-01,-2.840963999395671902e+00,-3.787007067680257105e-02,-3.653320497851310633e-01,5.157791961153344040e-01,1.000000000000000000e+00,-1.593892723321914673e-01,-1.784702688455581665e-01,-2.040409296751022339e-01,-7.799555361270904541e-02,-5.558032914996147156e-02,-1.135454699397087097e-01
5.680000000000231530e+00,8.295916267253389265e-01,-7.635537264944438629e-01,-2.858102866996675928e+00,-2.529406201959743042e-02,-3.646504043529555372e-01,5.105391925081655957e-01,1.000000000000000000e+00,-1.604368090629577637e-01,-1.809529662132263184e-01,-2.039408385753631592e-01,-8.158981800079345703e-02,-6.024418771266937256e-02,-1.105344370007514954e-01
5.700000000000238209e+00,8.223375014591991494e-01,-7.632636069925263778e-01,-2.866835356786985756e+00,-1.134000622288375802e-02,-3.642731696235103622e-01,5.047250025928682327e-01,1.000000000000000000e+00,-1.625709831714630127e-01,-1.849744617938995361e-01,-2.041523456573486328e-01,-8.520232886075973511e-02,-6.472865492105484009e-02,-1.082232370972633362e-01
5.720000000000244889e+00,8.150654413213241911e-01,-7.630330229734234582e-01,-2.867794356608722062e+00,-2.550797903115631371e-03,-3.638976736438720994e-01,4.989371675403684869e-01,1.000000000000000000e+00,-1.654038876295089722e-01,-1.896279007196426392e-01,-2.042876929044723511e-01,-8.870548009872436523e-02,-6.881955265998840332e-02,-1.067657098174095154e-01
5.740000000000251568e+00,8.078072472551429684e-01,-7.629348685230286087e-01,-2.861180594006638156e+00,-1.555833030630417863e-02,-3.633622395023968221e-01,4.935173623723732583e-01,1.000000000000000000e+00,-1.690748631954193115e-01,-1.944383233785629272e-01,-2.042151391506195068e-01,-9.240467101335525513e-02,-7.252812385559082031e-02,-1.057884991168975830e-01
5.760000000000258247e+00,8.005564395704561909e-01,-7.630462947016469766e-01,-2.847061647602266987e+00,-2.775647916316738989e-02,-3.627213862418536827e-01,4.884348003486802536e-01,1.000000000000000000e+00,-1.739919930696487427e-01,-1.993954628705978394e-01,-2.042916566133499146e-01,-9.652106463909149170e-02,-7.593063265085220337e-02,-1.048717796802520752e-01
5.780000000000264926e+00,7.932984836284660002e-01,-7.634375800067745299e-01,-2.825752290867875605e+00,-3.954138252546614968e-02,-3.621039453575359279e-01,4.835244239477224371e-01,1.000000000000000000e+00,-1.802412718534469604e-01,-2.044727206230163574e-01,-2.048442512750625610e-01,-1.008536219596862793e-01,-7.904937118291854858e-02,-1.037543788552284241e-01
5.800000000000271605e+00,7.860271080251682863e-01,-7.641485260270282076e-01,-2.797912345838217796e+00,-5.105939474651477461e-02,-3.615604073273557817e-01,4.787252521889521772e-01,1.000000000000000000e+00,-1.874416172504425049e-01,-2.095041275024414062e-01,-2.057484984397888184e-01,-1.049760207533836365e-01,-8.189685642719268799e-02,-1.023191735148429871e-01
5.820000000000278284e+00,7.787634323050712792e-01,-7.651952602577845042e-01,-2.764190333478731443e+00,-6.203266305069266018e-02,-3.610327873555381206e-01,4.741530570622113916e-01,1.000000000000000000e+00,-1.948427408933639526e-01,-2.141113281250000000e-01,-2.064792960882186890e-01,-1.084821522235870361e-01,-8.450494706630706787e-02,-1.004965603351593018e-01
5.840000000000284963e+00,7.715296936481683687e-01,-7.666157381121090353e-01,-2.724765960865842551e+00,-7.205987525202584010e-02,-3.604430753597870352e-01,4.699750519783225666e-01,1.000000000000000000e+00,-2.014768719673156738e-01,-2.176459431648254395e-01,-2.063007056713104248e-01,-1.110640838742256165e-01,-8.692368865013122559e-02,-9.804702550172805786e-02
5.860000000000291642e+00,7.643142612319258067e-01,-7.684414186147781045e-01,-2.679344087545766584e+00,-8.109723367120222348e-02,-3.597967110443208716e-01,4.662094859703324046e-01,1.000000000000000000e+00,-2.063709050416946411e-01,-2.193774729967117310e-01,-2.045685946941375732e-01,-1.124581620097160339e-01,-8.913095295429229736e-02,-9.462093561887741089e-02
5.880000000000298321e+00,7.571076241665773976e-01,-7.706882511778924139e-01,-2.627347976878863456e+00,-8.950532869168044414e-02,-3.592105609505738539e-01,4.627061130451331494e-01,1.000000000000000000e+00,-2.089239507913589478e-01,-2.188582271337509155e-01,-2.010755538940429688e-01,-1.125699505209922791e-01,-9.103111922740936279e-02,-9.008592367172241211e-02
5.900000000000305000e+00,7.499562450412777803e-01,-7.733665483899331283e-01,-2.568482268087268316e+00,-9.772540409607612111e-02,-3.588524761552481790e-01,4.592810816266349461e-01,1.000000000000000000e+00,-2.093648314476013184e-01,-2.162139117717742920e-01,-1.962407082319259644e-01,-1.116806343197822571e-01,-9.253127872943878174e-02,-8.483529835939407349e-02
5.920000000000311680e+00,7.430082846883228065e-01,-7.764915985746627669e-01,-2.503453945859242413e+00,-1.058313094594352799e-01,-3.588419557078118549e-01,4.559036210585686311e-01,1.000000000000000000e+00,-2.086971402168273926e-01,-2.122191041707992554e-01,-1.909430623054504395e-01,-1.103786975145339966e-01,-9.355190396308898926e-02,-7.971873134374618530e-02
5.940000000000318359e+00,7.365037694011110636e-01,-7.800856400363030962e-01,-2.434366308141213242e+00,-1.132479071087515443e-01,-3.591612590318930542e-01,4.528133720380201899e-01,1.000000000000000000e+00,-2.081260979175567627e-01,-2.081732451915740967e-01,-1.862368285655975342e-01,-1.092144623398780823e-01,-9.404039382934570312e-02,-7.557747513055801392e-02
5.960000000000325038e+00,7.307066444128276217e-01,-7.841715428006590383e-01,-2.364484375299200192e+00,-1.188304735293464337e-01,-3.596294664263497975e-01,4.504873026961056515e-01,1.000000000000000000e+00,-2.085729539394378662e-01,-2.053638100624084473e-01,-1.830220222473144531e-01,-1.084682792425155640e-01,-9.403122216463088989e-02,-7.288674265146255493e-02
5.980000000000331717e+00,7.258194580062323764e-01,-7.887571172971662437e-01,-2.297383369287636867e+00,-1.212831199502451829e-01,-3.599619975522065918e-01,4.494653666873978382e-01,1.000000000000000000e+00,-2.104233950376510620e-01,-2.043359726667404175e-01,-1.816473752260208130e-01,-1.081067249178886414e-01,-9.356220811605453491e-02,-7.170990854501724243e-02
6.000000000000338396e+00,7.219337986569036580e-01,-7.938089331423385797e-01,-2.235830973428181156e+00,-1.197294797672280031e-01,-3.599076404239880955e-01,4.501127167636549964e-01,1.000000000000000000e+00,-2.134520858526229858e-01,-2.048474848270416260e-01,-1.817858219146728516e-01,-1.078508570790290833e-01,-9.256640076637268066e-02,-7.179369777441024780e-02
6.020000000000345075e+00,7.190205266903622050e-01,-7.992559699421430963e-01,-2.181087232010519017e+00,-1.142056420531484817e-01,-3.594122123103624666e-01,4.524143158111881280e-01,1.000000000000000000e+00,-2.169459462165832520e-01,-2.062253952026367188e-01,-1.826328039169311523e-01,-1.073154658079147339e-01,-9.090421348810195923e-02,-7.268384844064712524e-02
6.040000000000351754e+00,7.169751398929777864e-01,-8.049920679274860102e-01,-2.132959619515344407e+00,-1.058315962091058299e-01,-3.587080393046797044e-01,4.559035015795392387e-01,1.000000000000000000e+00,-2.201046496629714966e-01,-2.076526433229446411e-01,-1.833946704864501953e-01,-1.062633022665977478e-01,-8.848403394222259521e-02,-7.385463267564773560e-02
6.060000000000358433e+00,7.156853142181860417e-01,-8.108929071165055236e-01,-2.090448632773180382e+00,-9.643317021218793250e-02,-3.582353169349778432e-01,4.598195124115883603e-01,1.000000000000000000e+00,-2.225097864866256714e-01,-2.082549482583999634e-01,-1.835701912641525269e-01,-1.048395037651062012e-01,-8.534143865108489990e-02,-7.481250166893005371e-02
6.080000000000365112e+00,7.150799531908709206e-01,-8.168688007933879724e-01,-2.052658474447130565e+00,-8.770866685197842294e-02,-3.584270328416910290e-01,4.634547221450089904e-01,1.000000000000000000e+00,-2.242454737424850464e-01,-2.076320201158523560e-01,-1.829706281423568726e-01,-1.034423187375068665e-01,-8.156093209981918335e-02,-7.531143724918365479e-02
6.100000000000371791e+00,7.151278055557482860e-01,-8.228883967993518844e-01,-2.019585317846407602e+00,-8.045687593999296949e-02,-3.594876848752566745e-01,4.664763016916695926e-01,1.000000000000000000e+00,-2.256540507078170776e-01,-2.063433825969696045e-01,-1.817950010299682617e-01,-1.023465618491172791e-01,-7.726538181304931641e-02,-7.565882802009582520e-02
6.120000000000378471e+00,7.158385452177694619e-01,-8.289505848721693271e-01,-1.992357536537832763e+00,-7.428883736627790724e-02,-3.612694885146850443e-01,4.690463177640508685e-01,1.000000000000000000e+00,-2.271016836166381836e-01,-2.055285722017288208e-01,-1.806693524122238159e-01,-1.015270352363586426e-01,-7.272724807262420654e-02,-7.670703530311584473e-02
6.140000000000385150e+00,7.172162258090365450e-01,-8.350778457302644453e-01,-1.972922490588080224e+00,-6.830117647391142910e-02,-3.635136927994909173e-01,4.715411764692035712e-01,1.000000000000000000e+00,-2.288517206907272339e-01,-2.062472105026245117e-01,-1.804987341165542603e-01,-1.007669121026992798e-01,-6.836732476949691772e-02,-7.937971502542495728e-02
6.160000000000391829e+00,7.192090457169731943e-01,-8.413058822581794827e-01,-1.963590453040326533e+00,-6.125338235669816611e-02,-3.658268286960421056e-01,4.744777573513757618e-01,1.000000000000000000e+00,-2.311842143535614014e-01,-2.092883735895156860e-01,-1.823131442070007324e-01,-9.998437762260437012e-02,-6.457284092903137207e-02,-8.430914580821990967e-02
6.180000000000398508e+00,7.217168290177524703e-01,-8.476320630794949018e-01,-1.966316216578642972e+00,-5.152869706708216452e-02,-3.676174144526362375e-01,4.785297095553824320e-01,1.000000000000000000e+00,-2.340059578418731689e-01,-2.147973477840423584e-01,-1.864531636238098145e-01,-9.924678504467010498e-02,-6.147150695323944092e-02,-9.157979488372802734e-02
6.200000000000405187e+00,7.245924132209613511e-01,-8.539896786246460314e-01,-1.981661705751778024e+00,-3.705643662393556109e-02,-3.681092009803014764e-01,4.845598180733601823e-01,1.000000000000000000e+00,-2.360084056854248047e-01,-2.211503833532333374e-01,-1.916305720806121826e-01,-9.833404421806335449e-02,-5.893557518720626831e-02,-1.002072095870971680e-01
6.220000000000411866e+00,7.276265057585411533e-01,-8.602350745198403814e-01,-2.007781872511252619e+00,-1.792022017762815236e-02,-3.671713651204999707e-01,4.925332415926549356e-01,1.000000000000000000e+00,-2.354821711778640747e-01,-2.249827384948730469e-01,-1.955466717481613159e-01,-9.666426479816436768e-02,-5.664692446589469910e-02,-1.077541112899780273e-01
6.240000000000418545e+00,7.306087569809697202e-01,-8.662074439769070766e-01,-2.041202640424266690e+00,-1.844803513195802805e-03,-3.658810853188710355e-01,5.007686681304982512e-01,1.000000000000000000e+00,-2.334084063768386841e-01,-2.249758988618850708e-01,-1.975392699241638184e-01,-9.450201690196990967e-02,-5.430030822753906250e-02,-1.118751317262649536e-01
6.260000000000425224e+00,7.334342271721234763e-01,-8.718261559544303596e-01,-2.079328765207928864e+00,-1.914647316105613090e-02,-3.650608134268738536e-01,5.079776971504400551e-01,1.000000000000000000e+00,-2.318471521139144897e-01,-2.231226861476898193e-01,-1.985153704881668091e-01,-9.274092316627502441e-02,-5.187527835369110107e-02,-1.126064434647560120e-01
6.280000000000431903e+00,7.361049412620369603e-01,-8.771038099723753589e-01,-2.121537744872782572e+00,-3.421741245442788681e-02,-3.646390132662507000e-01,5.142572551893449528e-01,1.000000000000000000e+00,-2.299224287271499634e-01,-2.205873280763626099e-01,-1.987282037734985352e-01,-9.097473323345184326e-02,-4.935984686017036438e-02,-1.118896380066871643e-01
6.300000000000438583e+00,7.386246549232579062e-01,-8.820728103719683855e-01,-2.168039187382829969e+00,-4.787703384784949140e-02,-3.644079829245109314e-01,5.199487641032706220e-01,1.000000000000000000e+00,-2.261662632226943970e-01,-2.169135063886642456e-01,-1.981170028448104858e-01,-8.842046558856964111e-02,-4.680106043815612793e-02,-1.115215569734573364e-01
6.320000000000445262e+00,7.409443166566489491e-01,-8.867434608519479955e-01,-2.218795427438904344e+00,-6.050999204533206999e-02,-3.642431537671109165e-01,5.252124966855550303e-01,1.000000000000000000e+00,-2.205830067396163940e-01,-2.118007242679595947e-01,-1.969811618328094482e-01,-8.507613837718963623e-02,-4.429105296730995178e-02,-1.122315227985382080e-01
6.340000000000451941e+00,7.429829333709117023e-01,-8.911096960012275803e-01,-2.273347468425173545e+00,-7.220861391089021530e-02,-3.640690781813161192e-01,5.300869224628709242e-01,1.000000000000000000e+00,-2.137167155742645264e-01,-2.053879201412200928e-01,-1.954451203346252441e-01,-8.130841702222824097e-02,-4.172516241669654846e-02,-1.136703789234161377e-01
6.360000000000458620e+00,7.446690916470752875e-01,-8.951616446475988420e-01,-2.331097041840873629e+00,-8.253650734191975147e-02,-3.639591634020524769e-01,5.343902113924665631e-01,1.000000000000000000e+00,-2.063957303762435913e-01,-1.983787864446640015e-01,-1.936060041189193726e-01,-7.757581770420074463e-02,-3.904759511351585388e-02,-1.150119975209236145e-01
6.380000000000465299e+00,7.459713117172386276e-01,-8.988832473885541852e-01,-2.391674219599364104e+00,-9.138851027308296515e-02,-3.639161338384076516e-01,5.380785459471179033e-01,1.000000000000000000e+00,-1.993845105171203613e-01,-1.917824745178222656e-01,-1.918582618236541748e-01,-7.413174211978912354e-02,-3.644566237926483154e-02,-1.157860606908798218e-01
6.400000000000471978e+00,7.468833502392172585e-01,-9.022428174351255770e-01,-2.454984576847153654e+00,-9.930898674281589400e-02,-3.637825178871007537e-01,5.413787444761732903e-01,1.000000000000000000e+00,-1.928651183843612671e-01,-1.860619783401489258e-01,-1.905667334794998169e-01,-7.086583971977233887e-02,-3.411684557795524597e-02,-1.160029470920562744e-01
6.420000000000478657e+00,7.473806176976249827e-01,-9.051979995284303859e-01,-2.520891702411302226e+00,-1.065321753298669599e-01,-3.634807146097738251e-01,5.443884063874445678e-01,1.000000000000000000e+00,-1.868858337402343750e-01,-1.813311725854873657e-01,-1.899463087320327759e-01,-6.775001436471939087e-02,-3.222889453172683716e-02,-1.159226372838020325e-01
6.440000000000485336e+00,7.474160909077656179e-01,-9.076979218368576019e-01,-2.589025967489690494e+00,-1.125867091623701799e-01,-3.630999753697000121e-01,5.469111288176542462e-01,1.000000000000000000e+00,-1.816281080245971680e-01,-1.777777522802352905e-01,-1.901594400405883789e-01,-6.500836461782455444e-02,-3.096153400838375092e-02,-1.158736124634742737e-01
6.460000000000492015e+00,7.469282450233698523e-01,-9.096891657874994763e-01,-2.658756149683022318e+00,-1.167540108734313742e-01,-3.627735417115098837e-01,5.486475045305964082e-01,1.000000000000000000e+00,-1.770723462104797363e-01,-1.753998398780822754e-01,-1.911741048097610474e-01,-6.286308169364929199e-02,-3.039636462926864624e-02,-1.160179898142814636e-01
6.480000000000498694e+00,7.458446379191470132e-01,-9.111202541723953940e-01,-2.729088741585291800e+00,-1.186008532486186873e-01,-3.625507043531434603e-01,5.494170221869244530e-01,1.000000000000000000e+00,-1.728627830743789673e-01,-1.737927347421646118e-01,-1.926576942205429077e-01,-6.141981855034828186e-02,-3.046597167849540710e-02,-1.162602752447128296e-01
6.500000000000505374e+00,7.440930077411416210e-01,-9.119492351098087424e-01,-2.798659600701977723e+00,-1.181685884579549844e-01,-3.623663132268750697e-01,5.492369118574812470e-01,1.000000000000000000e+00,-1.687679588794708252e-01,-1.725481897592544556e-01,-1.942600160837173462e-01,-6.076163798570632935e-02,-3.107986412942409515e-02,-1.164417713880538940e-01
6.520000000000512053e+00,7.416291682454929646e-01,-9.121572576787494446e-01,-2.866042827579895924e+00,-1.158503072972703885e-01,-3.620935350619433057e-01,5.482709613738626642e-01,1.000000000000000000e+00,-1.650861054658889771e-01,-1.716729700565338135e-01,-1.958524286746978760e-01,-6.099544093012809753e-02,-3.223163262009620667e-02,-1.165547668933868408e-01
6.540000000000518732e+00,7.384573971736011488e-01,-9.117560302059214417e-01,-2.930106515945554602e+00,-1.121338520944106243e-01,-3.616186828035980461e-01,5.467224383726710935e-01,1.000000000000000000e+00,-1.622699499130249023e-01,-1.713942736387252808e-01,-1.973501443862915039e-01,-6.210387498140335083e-02,-3.393479809165000916e-02,-1.166868135333061218e-01
6.560000000000525411e+00,7.346251207915809323e-01,-9.107868622647928847e-01,-2.990060790318553430e+00,-1.073804098282785391e-01,-3.608916226682621353e-01,5.447418374284493936e-01,1.000000000000000000e+00,-1.603571921586990356e-01,-1.717672049999237061e-01,-1.986535936594009399e-01,-6.385131180286407471e-02,-3.618302568793296814e-02,-1.168399378657341003e-01
6.580000000000532090e+00,7.302008774152469739e-01,-9.093110914972214465e-01,-3.045173913600383919e+00,-1.017575077943786432e-01,-3.599278257945993653e-01,5.423989615809911013e-01,1.000000000000000000e+00,-1.589961498975753784e-01,-1.725291907787322998e-01,-1.997112482786178589e-01,-6.595285981893539429e-02,-3.898026794195175171e-02,-1.168408244848251343e-01
6.600000000000538769e+00,7.252341804028145100e-01,-9.074198166732428961e-01,-3.094535842866027675e+00,-9.531806007631127287e-02,-3.587779515876372005e-01,5.397158583651296970e-01,1.000000000000000000e+00,-1.578027307987213135e-01,-1.732218414545059204e-01,-2.004349380731582642e-01,-6.825413554906845093e-02,-4.230745136737823486e-02,-1.163493990898132324e-01
6.620000000000545448e+00,7.197536943675789667e-01,-9.052238757845695316e-01,-3.136921027491739622e+00,-8.801902979596051835e-02,-3.575042244962979288e-01,5.366745957483168850e-01,1.000000000000000000e+00,-1.566134095191955566e-01,-1.735023111104965210e-01,-2.006795108318328857e-01,-7.075545936822891235e-02,-4.607820883393287659e-02,-1.149886548519134521e-01
6.640000000000552127e+00,7.138100302142361686e-01,-9.027798221558926972e-01,-3.171052627613300423e+00,-7.914880992747254373e-02,-3.563199005351979087e-01,5.329786708031135634e-01,1.000000000000000000e+00,-1.556824594736099243e-01,-1.736247241497039795e-01,-2.004379779100418091e-01,-7.360719889402389526e-02,-5.021416768431663513e-02,-1.125908419489860535e-01
6.660000000000558806e+00,7.075068377460085323e-01,-9.001406789591993585e-01,-3.196260055736099392e+00,-6.812153094916340024e-02,-3.554410922165016640e-01,5.283839712288180834e-01,1.000000000000000000e+00,-1.555823981761932373e-01,-1.745276898145675659e-01,-2.000797837972640991e-01,-7.689741998910903931e-02,-5.459654331207275391e-02,-1.095133945345878601e-01
6.680000000000565485e+00,7.009804609930346819e-01,-8.973783683757609042e-01,-3.212704129000093722e+00,-5.509302978467580519e-02,-3.549188756626036056e-01,5.229554290769482527e-01,1.000000000000000000e+00,-1.566461175680160522e-01,-1.770769357681274414e-01,-2.000553756952285767e-01,-8.044405281543731689e-02,-5.905551835894584656e-02,-1.065779030323028564e-01
6.700000000000572165e+00,6.943522327086781853e-01,-8.945735455652902290e-01,-3.220999887888390312e+00,-4.121892403181570685e-02,-3.545504506165882419e-01,5.171745516799232112e-01,1.000000000000000000e+00,-1.585878282785415649e-01,-1.809857189655303955e-01,-2.002851814031600952e-01,-8.390284329652786255e-02,-6.335106492042541504e-02,-1.043953523039817810e-01
6.720000000000578844e+00,6.876772911689140733e-01,-8.918094942335893505e-01,-3.221550141646464027e+00,-2.770160998430455310e-02,-3.541024619342333923e-01,5.115423374934602307e-01,1.000000000000000000e+00,-1.611212790012359619e-01,-1.854223012924194336e-01,-2.003679722547531128e-01,-8.724864572286605835e-02,-6.732004135847091675e-02,-1.029353216290473938e-01
6.740000000000585523e+00,6.809500776968314684e-01,-8.891682041355822852e-01,-3.214410595194047371e+00,-1.495465406244491507e-02,-3.535194776361482161e-01,5.062311058593520485e-01,1.000000000000000000e+00,-1.645458638668060303e-01,-1.900972872972488403e-01,-2.003122866153717041e-01,-9.083490818738937378e-02,-7.098053395748138428e-02,-1.018149629235267639e-01
6.760000000000592202e+00,6.741436986211999383e-01,-8.867236066027657237e-01,-3.199669350840476323e+00,-2.780422084399791684e-03,-3.528842608850213947e-01,5.011585092018332466e-01,1.000000000000000000e+00,-1.692709624767303467e-01,-1.950057148933410645e-01,-2.005159109830856323e-01,-9.483544528484344482e-02,-7.436321675777435303e-02,-1.007156819105148315e-01
6.780000000000598881e+00,6.672302198482249480e-01,-8.845400852238881617e-01,-3.177725049120837308e+00,-9.024418076339113179e-03,-3.522719986209532639e-01,4.962398258015253694e-01,1.000000000000000000e+00,-1.752975285053253174e-01,-2.000406831502914429e-01,-2.011923491954803467e-01,-9.900942444801330566e-02,-7.745530456304550171e-02,-9.947383403778076172e-02
6.800000000000605560e+00,6.601931145673274326e-01,-8.826551258952555212e-01,-3.149268295229253667e+00,-2.036399218491786664e-02,-3.516730123350084170e-01,4.915150032562842219e-01,1.000000000000000000e+00,-1.821818798780441284e-01,-2.049723118543624878e-01,-2.020975202322006226e-01,-1.029414311051368713e-01,-8.026777207851409912e-02,-9.801877290010452271e-02
6.820000000000612239e+00,6.530422103968650527e-01,-8.810899298179089012e-01,-3.114909672358912029e+00,-3.093011292955822819e-02,-3.510266931840784754e-01,4.871124529460174046e-01,1.000000000000000000e+00,-1.891893297433853149e-01,-2.093997299671173096e-01,-2.026908248662948608e-01,-1.062656491994857788e-01,-8.284460753202438354e-02,-9.626455605030059814e-02
6.840000000000618918e+00,6.457817917803654328e-01,-8.798857280835233885e-01,-3.074780979448358931e+00,-4.048375103228405575e-02,-3.503005463318409340e-01,4.831317704032149773e-01,1.000000000000000000e+00,-1.954495608806610107e-01,-2.127106636762619019e-01,-2.023021131753921509e-01,-1.087260022759437561e-01,-8.523570746183395386e-02,-9.393727034330368042e-02
6.860000000000625597e+00,6.383944423079518371e-01,-8.790685994593099295e-01,-3.028611548680977261e+00,-4.922829419611702423e-02,-3.495668168714295421e-01,4.794882107516179048e-01,1.000000000000000000e+00,-2.001384049654006958e-01,-2.142611593008041382e-01,-2.003940045833587646e-01,-1.101170778274536133e-01,-8.741119503974914551e-02,-9.068885445594787598e-02
6.880000000000632276e+00,6.308782597784570179e-01,-8.786540628146266574e-01,-2.975957945878070721e+00,-5.774478843342593926e-02,-3.490017738413127568e-01,4.759396714860725242e-01,1.000000000000000000e+00,-2.027562111616134644e-01,-2.137098759412765503e-01,-1.968646347522735596e-01,-1.103660240769386292e-01,-8.927544951438903809e-02,-8.642707765102386475e-02
6.900000000000638956e+00,6.232872996258640441e-01,-8.786722332870958718e-01,-2.916719055813294048e+00,-6.657324722810006867e-02,-3.488005536780305338e-01,4.722611469882916357e-01,1.000000000000000000e+00,-2.035055905580520630e-01,-2.112635076045989990e-01,-1.921899765729904175e-01,-1.097031310200691223e-01,-9.074867516756057739e-02,-8.156338334083557129e-02
6.920000000000645635e+00,6.157608375059840933e-01,-8.791891133093061583e-01,-2.851746183646752808e+00,-7.567820120415658103e-02,-3.490524517564190798e-01,4.684674161649347579e-01,1.000000000000000000e+00,-2.032580077648162842e-01,-2.076759040355682373e-01,-1.872239708900451660e-01,-1.086226031184196472e-01,-9.177130460739135742e-02,-7.689959555864334106e-02
6.940000000000652314e+00,6.085072842046841401e-01,-8.803026423052975336e-01,-2.783121938477851387e+00,-8.414910709732045802e-02,-3.496433662296125067e-01,4.649378720427831402e-01,1.000000000000000000e+00,-2.030570358037948608e-01,-2.040622532367706299e-01,-1.828894466161727905e-01,-1.075924485921859741e-01,-9.228898584842681885e-02,-7.317434251308441162e-02
6.960000000000658993e+00,6.017461067344084258e-01,-8.821150830736816939e-01,-2.713882131238073203e+00,-9.040608163537013076e-02,-3.502632982725168431e-01,4.623307993185957754e-01,1.000000000000000000e+00,-2.036848664283752441e-01,-2.014837861061096191e-01,-1.799195259809494019e-01,-1.068495884537696838e-01,-9.229699522256851196e-02,-7.075821608304977417e-02
6.980000000000665672e+00,5.956452766239220820e-01,-8.846936749920388809e-01,-2.647243426343985906e+00,-9.286533931176381429e-02,-3.505415515098132540e-01,4.613061086200984096e-01,1.000000000000000000e+00,-2.054478973150253296e-01,-2.003776729106903076e-01,-1.785662323236465454e-01,-1.063606292009353638e-01,-9.180016815662384033e-02,-6.964393705129623413e-02
7.000000000000672351e+00,5.902942379706048737e-01,-8.880353821257892522e-01,-2.585663010662784700e+00,-9.068851742776096181e-02,-3.502445123095059842e-01,4.622131177384329326e-01,1.000000000000000000e+00,-2.081669420003890991e-01,-2.005280852317810059e-01,-1.785393357276916504e-01,-1.058974266052246094e-01,-9.074067324399948120e-02,-6.957557797431945801e-02
7.020000000000679030e+00,5.856971230839372877e-01,-8.920712704218761724e-01,-2.530319246598703220e+00,-8.422783085275442616e-02,-3.494248991415808692e-01,4.649050704780189891e-01,1.000000000000000000e+00,-2.113290429115295410e-01,-2.014099359512329102e-01,-1.791923791170120239e-01,-1.051787361502647400e-01,-8.902394026517868042e-02,-7.018324732780456543e-02
7.040000000000685709e+00,5.818087413440302669e-01,-8.966860005943524392e-01,-2.481243480823053016e+00,-7.496304037663419073e-02,-3.484327022460793621e-01,4.687653998430690860e-01,1.000000000000000000e+00,-2.143811136484146118e-01,-2.024529427289962769e-01,-1.798867732286453247e-01,-1.040753200650215149e-01,-8.660658448934555054e-02,-7.110688090324401855e-02
7.060000000000692388e+00,5.785806729536847604e-01,-9.017469109275276784e-01,-2.437890764684000011e+00,-6.495459984986097501e-02,-3.477753232626010216e-01,4.729355833958912569e-01,1.000000000000000000e+00,-2.170218676328659058e-01,-2.030954807996749878e-01,-1.802005767822265625e-01,-1.027598753571510315e-01,-8.355773985385894775e-02,-7.207852602005004883e-02
7.080000000000699067e+00,5.759820376801222386e-01,-9.071594492408379118e-01,-2.399860807016295450e+00,-5.600309272618950868e-02,-3.479026390010767633e-01,4.766653780307543720e-01,1.000000000000000000e+00,-2.193056046962738037e-01,-2.031268328428268433e-01,-1.799952983856201172e-01,-1.015738472342491150e-01,-7.998979091644287109e-02,-7.303735613822937012e-02
7.100000000000705747e+00,5.739913948151160739e-01,-9.128805803933488505e-01,-2.367470704387938607e+00,-4.884699142745212164e-02,-3.489774547403421412e-01,4.796470869052282815e-01,1.000000000000000000e+00,-2.214698791503906250e-01,-2.029960304498672485e-01,-1.794618815183639526e-01,-1.007307246327400208e-01,-7.601697742938995361e-02,-7.427314668893814087e-02
7.120000000000712426e+00,5.726110052083750457e-01,-9.188922014905809288e-01,-2.341806406312095579e+00,-4.302712269266985995e-02,-3.508315025656479347e-01,4.820720322113875578e-01,1.000000000000000000e+00,-2.237445414066314697e-01,-2.035830318927764893e-01,-1.791488826274871826e-01,-1.001885607838630676e-01,-7.183894515037536621e-02,-7.640585303306579590e-02
7.140000000000719105e+00,5.718129622698701064e-01,-9.251950445064001105e-01,-2.324531349715177164e+00,-3.722745608305899623e-02,-3.530835779373645567e-01,4.844885599653920849e-01,1.000000000000000000e+00,-2.262202352285385132e-01,-2.056778967380523682e-01,-1.798185110092163086e-01,-9.972383826971054077e-02,-6.777129322290420532e-02,-8.005318790674209595e-02
7.160000000000725784e+00,5.715229410730325865e-01,-9.317752925518042462e-01,-2.317441671944658665e+00,-2.961983059503041360e-02,-3.551527922516408697e-01,4.876584039187373265e-01,1.000000000000000000e+00,-2.289259433746337891e-01,-2.097011059522628784e-01,-1.822154074907302856e-01,-9.918944537639617920e-02,-6.412818282842636108e-02,-8.555075526237487793e-02
7.180000000000732463e+00,5.716486338841806347e-01,-9.385683065113414880e-01,-2.321796717581023017e+00,-1.802914885925033239e-02,-3.562938757863909900e-01,4.924878546419790282e-01,1.000000000000000000e+00,-2.314950078725814819e-01,-2.152252346277236938e-01,-1.862514317035675049e-01,-9.853322058916091919e-02,-6.104382500052452087e-02,-9.262893348932266235e-02
7.200000000000739142e+00,5.720791000689675609e-01,-9.454467838085045539e-01,-2.337487141346180408e+00,-9.569759654067588666e-04,-3.559506332568692089e-01,4.996012600144138505e-01,1.000000000000000000e+00,-2.328446805477142334e-01,-2.204444408416748047e-01,-1.905910968780517578e-01,-9.754189848899841309e-02,-5.844307690858840942e-02,-1.000922545790672302e-01
7.220000000000745821e+00,5.726871872400144392e-01,-9.522293022950566455e-01,-2.362640942602501681e+00,-1.974569133465244736e-02,-3.545498267493779609e-01,5.082273713894385203e-01,1.000000000000000000e+00,-2.322366833686828613e-01,-2.231568992137908936e-01,-1.937379390001296997e-01,-9.595017880201339722e-02,-5.609817802906036377e-02,-1.060456931591033936e-01
7.240000000000752500e+00,5.733624579222177386e-01,-9.587537247940214336e-01,-2.394623834604511448e+00,-3.977052476631328520e-02,-3.532114245612462122e-01,5.165710519859638694e-01,1.000000000000000000e+00,-2.305645793676376343e-01,-2.230681627988815308e-01,-1.954941451549530029e-01,-9.403340518474578857e-02,-5.379014834761619568e-02,-1.092403978109359741e-01
7.260000000000759179e+00,5.740459704329889945e-01,-9.649447353918487735e-01,-2.431661046477696875e+00,-5.708956320331734502e-02,-3.524255013438048478e-01,5.237873180013822294e-01,1.000000000000000000e+00,-2.287091463804244995e-01,-2.214310765266418457e-01,-1.963419169187545776e-01,-9.216460585594177246e-02,-5.146419629454612732e-02,-1.101053431630134583e-01
7.280000000000765858e+00,5.747196698783294533e-01,-9.708020452432865044e-01,-2.473270151049018484e+00,-7.227525362163955691e-02,-3.520245990691400761e-01,5.301146890090164820e-01,1.000000000000000000e+00,-2.260485887527465820e-01,-2.188169509172439575e-01,-1.964294612407684326e-01,-9.002909809350967407e-02,-4.910269752144813538e-02,-1.100897416472434998e-01
7.300000000000772538e+00,5.753585988816016794e-01,-9.763339190288666813e-01,-2.519459521771392208e+00,-8.610996706634796438e-02,-3.518015310001142426e-01,5.358791529443116541e-01,1.000000000000000000e+00,-2.218485325574874878e-01,-2.149644494056701660e-01,-1.958092898130416870e-01,-8.721487224102020264e-02,-4.669553041458129883e-02,-1.103735193610191345e-01
7.320000000000779217e+00,5.759088507232920096e-01,-9.815219115353296386e-01,-2.570014774078600350e+00,-9.899342844705687205e-02,-3.516223488373210193e-01,5.412472618529403645e-01,1.000000000000000000e+00,-2.161220759153366089e-01,-2.096597701311111450e-01,-1.946297734975814819e-01,-8.372633159160614014e-02,-4.420518875122070312e-02,-1.112733036279678345e-01
7.340000000000785896e+00,5.763018145642021528e-01,-9.863314900500845805e-01,-2.624396594454635689e+00,-1.108510192452834831e-01,-3.514595812937242325e-01,5.461879246855347869e-01,1.000000000000000000e+00,-2.093704044818878174e-01,-2.031263560056686401e-01,-1.930015832185745239e-01,-7.987978309392929077e-02,-4.156359285116195679e-02,-1.123830303549766541e-01
7.360000000000792575e+00,5.764807140945449326e-01,-9.907318274250916934e-01,-2.682030192325187024e+00,-1.212747685347845272e-01,-3.513789474299229276e-01,5.505311535561602243e-01,1.000000000000000000e+00,-2.023324221372604370e-01,-1.961456090211868286e-01,-1.911604404449462891e-01,-7.608915120363235474e-02,-3.884723037481307983e-02,-1.131956726312637329e-01
7.380000000000799254e+00,5.764202784833432069e-01,-9.946963068725592771e-01,-2.742553438547033373e+00,-1.303497160090857088e-01,-3.513368043564983889e-01,5.543123816704523810e-01,1.000000000000000000e+00,-1.954725384712219238e-01,-1.895061582326889038e-01,-1.894598603248596191e-01,-7.251411676406860352e-02,-3.625522553920745850e-02,-1.135529130697250366e-01
7.400000000000805933e+00,5.761166679053302264e-01,-9.981876571794151554e-01,-2.805781060360394985e+00,-1.385045630027290642e-01,-3.512112758087353459e-01,5.577102345844704434e-01,1.000000000000000000e+00,-1.889316290616989136e-01,-1.835951954126358032e-01,-1.882047206163406372e-01,-6.911355257034301758e-02,-3.397737815976142883e-02,-1.135740727186203003e-01
7.420000000000812612e+00,5.755539009640509018e-01,-1.001153500210103076e+00,-2.871496578874825012e+00,-1.457990091220540962e-01,-3.509662206111887617e-01,5.607495871341892091e-01,1.000000000000000000e+00,-1.828908473253250122e-01,-1.786683499813079834e-01,-1.876302808523178101e-01,-6.596080958843231201e-02,-3.218617662787437439e-02,-1.134926378726959229e-01
7.440000000000819291e+00,5.747053813865516947e-01,-1.003529879622874876e+00,-2.939346899510364874e+00,-1.518420886060921349e-01,-3.506618976947840638e-01,5.632675369192050585e-01,1.000000000000000000e+00,-1.775866895914077759e-01,-1.749746054410934448e-01,-1.878930479288101196e-01,-6.326404958963394165e-02,-3.102286159992218018e-02,-1.135240644216537476e-01
7.460000000000825970e+00,5.735376985736693189e-01,-1.005247603718578464e+00,-3.008778951454162964e+00,-1.560840338886786693e-01,-3.503836504049850364e-01,5.650350141202827858e-01,1.000000000000000000e+00,-1.730336248874664307e-01,-1.724929511547088623e-01,-1.889263242483139038e-01,-6.118718534708023071e-02,-3.051543235778808594e-02,-1.137076467275619507e-01
7.480000000000832650e+00,5.720082250882765340e-01,-1.006235833572333149e+00,-3.078875309271209559e+00,-1.580440741026567508e-01,-3.501919071951019036e-01,5.658516975427736462e-01,1.000000000000000000e+00,-1.689200103282928467e-01,-1.708089858293533325e-01,-1.903717815876007080e-01,-5.979843810200691223e-02,-3.056459687650203705e-02,-1.138973534107208252e-01
7.500000000000839329e+00,5.700682234866136788e-01,-1.006432098687434884e+00,-3.148295459843788890e+00,-1.575545229628063093e-01,-3.500752823009352643e-01,5.656477179011693002e-01,1.000000000000000000e+00,-1.649768650531768799e-01,-1.694840192794799805e-01,-1.918401569128036499e-01,-5.915514379739761353e-02,-3.107102960348129272e-02,-1.139475554227828979e-01
7.520000000000846008e+00,5.676805477854596216e-01,-1.005803721537752882e+00,-3.215551651476915573e+00,-1.549185125349232806e-01,-3.499330841530236547e-01,5.645493802228847002e-01,1.000000000000000000e+00,-1.613925099372863770e-01,-1.684755533933639526e-01,-1.931772828102111816e-01,-5.934987589716911316e-02,-3.204452246427536011e-02,-1.138711422681808472e-01
7.540000000000852687e+00,5.648373159832899004e-01,-1.004361849492616088e+00,-3.279388559059435604e+00,-1.507216012950975126e-01,-3.496324897398841447e-01,5.628006672062906279e-01,1.000000000000000000e+00,-1.585452705621719360e-01,-1.679896414279937744e-01,-1.943330764770507812e-01,-6.038875132799148560e-02,-3.354495018720626831e-02,-1.137747615575790405e-01
7.560000000000859366e+00,5.615605088211789164e-01,-1.002160440045755552e+00,-3.338906151884881268e+00,-1.454681942242197767e-01,-3.490920628269045256e-01,5.606117475934249139e-01,1.000000000000000000e+00,-1.564834415912628174e-01,-1.680833548307418823e-01,-1.952594369649887085e-01,-6.208770349621772766e-02,-3.561554476618766785e-02,-1.136767640709877014e-01
7.580000000000866045e+00,5.578891771038666514e-01,-9.992820651568516954e-01,-3.393334266757743745e+00,-1.393875786232489367e-01,-3.483140547626956129e-01,5.580781577596870546e-01,1.000000000000000000e+00,-1.549006402492523193e-01,-1.684890836477279663e-01,-1.959219723939895630e-01,-6.418649107217788696e-02,-3.827025741338729858e-02,-1.133985370397567749e-01
7.600000000000872724e+00,5.538391564546043533e-01,-9.958335912290273706e-01,-3.441800607283457936e+00,-1.325492047463764922e-01,-3.473441993513592951e-01,5.552288353109902097e-01,1.000000000000000000e+00,-1.534708589315414429e-01,-1.687647551298141479e-01,-1.962460279464721680e-01,-6.652230024337768555e-02,-4.145957529544830322e-02,-1.125926673412322998e-01
7.620000000000879403e+00,5.494111750153573004e-01,-9.919235417538726507e-01,-3.483142559422595763e+00,-1.246866057749306395e-01,-3.462925737004582949e-01,5.519527524062211032e-01,1.000000000000000000e+00,-1.521117836236953735e-01,-1.686533540487289429e-01,-1.961358338594436646e-01,-6.908429414033889771e-02,-4.506132379174232483e-02,-1.109161004424095154e-01
7.640000000000886082e+00,5.446488894368153311e-01,-9.876196851742422567e-01,-3.516259444574223902e+00,-1.151348903148191327e-01,-3.453528747305282809e-01,5.479728709645079743e-01,1.000000000000000000e+00,-1.511551886796951294e-01,-1.685512810945510864e-01,-1.956803947687149048e-01,-7.201371341943740845e-02,-4.898859933018684387e-02,-1.082917079329490662e-01
7.660000000000892761e+00,5.396385050369103542e-01,-9.830126642650137692e-01,-3.540648561171953812e+00,-1.035908830690378674e-01,-3.446662161180810147e-01,5.431628679454324482e-01,1.000000000000000000e+00,-1.511042118072509766e-01,-1.694145649671554565e-01,-1.952884942293167114e-01,-7.532832771539688110e-02,-5.313036590814590454e-02,-1.051768586039543152e-01
7.680000000000899441e+00,5.344804820510944410e-01,-9.782148072028552521e-01,-3.556515122983309851e+00,-9.058359886371451786e-02,-3.441900599179181786e-01,5.377431661932143836e-01,1.000000000000000000e+00,-1.521064043045043945e-01,-1.719055473804473877e-01,-1.952902227640151978e-01,-7.879368960857391357e-02,-5.735367909073829651e-02,-1.023433059453964233e-01
7.700000000000906120e+00,5.292471621056610287e-01,-9.733367601460345409e-01,-3.564344276726884697e+00,-7.725538170640113000e-02,-3.437304982725238878e-01,5.321897423776671410e-01,1.000000000000000000e+00,-1.538093388080596924e-01,-1.756026446819305420e-01,-1.954905241727828979e-01,-8.210063725709915161e-02,-6.145973131060600281e-02,-1.002337038516998291e-01
7.720000000000912799e+00,5.239479644579322359e-01,-9.684708506374452019e-01,-3.564366952037741232e+00,-6.443357412681853524e-02,-3.431504117710312829e-01,5.268473225528410575e-01,1.000000000000000000e+00,-1.560560464859008789e-01,-1.798077970743179321e-01,-1.955357491970062256e-01,-8.530768752098083496e-02,-6.532430648803710938e-02,-9.871604293584823608e-02
7.740000000000919478e+00,5.185468300287503496e-01,-9.636935700535758098e-01,-3.556581812184319347e+00,-5.222893270498687318e-02,-3.424673018756702603e-01,5.217620552937445311e-01,1.000000000000000000e+00,-1.592384427785873413e-01,-1.843466758728027344e-01,-1.955190598964691162e-01,-8.877790719270706177e-02,-6.895376741886138916e-02,-9.744017571210861206e-02
7.760000000000926157e+00,5.129994903721886157e-01,-9.590709834057729033e-01,-3.541132452190992375e+00,-4.043683634923791320e-02,-3.417629746309669425e-01,5.168486818121824644e-01,1.000000000000000000e+00,-1.637270003557205200e-01,-1.891754120588302612e-01,-1.958116143941879272e-01,-9.263544529676437378e-02,-7.233216613531112671e-02,-9.617266058921813965e-02
7.780000000000932836e+00,5.072631649392076447e-01,-9.546592011486741969e-01,-3.518476239688497209e+00,-2.903053610031527260e-02,-3.410690114462130995e-01,5.120960567084646975e-01,1.000000000000000000e+00,-1.694487035274505615e-01,-1.941063702106475830e-01,-1.965201199054718018e-01,-9.661685675382614136e-02,-7.541265338659286499e-02,-9.481321275234222412e-02
7.800000000000939515e+00,5.013082727827271601e-01,-9.504894914679609119e-01,-3.489296320898496173e+00,-1.823777796639580728e-02,-3.403466463374167916e-01,5.075990741526649197e-01,1.000000000000000000e+00,-1.759351193904876709e-01,-1.988658010959625244e-01,-1.973402947187423706e-01,-1.003329381346702576e-01,-7.820221036672592163e-02,-9.331031888723373413e-02
7.820000000000946194e+00,4.951326733859112705e-01,-9.465818866161939127e-01,-3.454159018851640006e+00,-8.323371218692088291e-03,-3.395490265755949921e-01,5.034680713411217035e-01,1.000000000000000000e+00,-1.824934184551239014e-01,-2.030595093965530396e-01,-1.977606415748596191e-01,-1.034632846713066101e-01,-8.075249195098876953e-02,-9.156215190887451172e-02
7.840000000000952873e+00,4.887266925633840797e-01,-9.429748962624568964e-01,-3.413179132436757968e+00,-6.415488427225390271e-04,-3.386868888992485283e-01,4.997326879821989420e-01,1.000000000000000000e+00,-1.883544623851776123e-01,-2.061377316713333130e-01,-1.971948295831680298e-01,-1.058023720979690552e-01,-8.311506360769271851e-02,-8.929480612277984619e-02
7.860000000000959552e+00,4.820727818621448613e-01,-9.396915036133263177e-01,-3.366157808017604669e+00,-9.054375118054514004e-03,-3.378796810228193448e-01,4.962273437008106192e-01,1.000000000000000000e+00,-1.928392499685287476e-01,-2.075557410717010498e-01,-1.952106803655624390e-01,-1.071996465325355530e-01,-8.526292443275451660e-02,-8.620204031467437744e-02
7.880000000000966232e+00,4.751767011650802064e-01,-9.367550494017169438e-01,-3.312826843396178500e+00,-1.764695521572487782e-02,-3.373383248037867821e-01,4.926471019934479667e-01,1.000000000000000000e+00,-1.955593675374984741e-01,-2.070801258087158203e-01,-1.917925029993057251e-01,-1.076048463582992554e-01,-8.710825443267822266e-02,-8.224604278802871704e-02
7.900000000000972911e+00,4.680904639525380606e-01,-9.342209126571097144e-01,-3.253301305859900516e+00,-2.700675634364437666e-02,-3.372673071611324014e-01,4.887471848568148425e-01,1.000000000000000000e+00,-1.966954022645950317e-01,-2.049821466207504272e-01,-1.874410808086395264e-01,-1.071949675679206848e-01,-8.857471495866775513e-02,-7.783722877502441406e-02
7.920000000000979590e+00,4.609250101418245205e-01,-9.321985023271974757e-01,-3.188566279766573253e+00,-3.699484241997352818e-02,-3.377290069808214223e-01,4.845854823250110299e-01,1.000000000000000000e+00,-1.969646066427230835e-01,-2.019653171300888062e-01,-1.829537451267242432e-01,-1.063612326979637146e-01,-8.960482478141784668e-02,-7.369379699230194092e-02
7.940000000000986269e+00,4.538329763324869814e-01,-9.308381877229747747e-01,-3.120636814293920924e+00,-4.646165865085194469e-02,-3.385490940097129475e-01,4.806409755621450230e-01,1.000000000000000000e+00,-1.972093135118484497e-01,-1.989313364028930664e-01,-1.790975332260131836e-01,-1.054801046848297119e-01,-9.014149755239486694e-02,-7.042059302330017090e-02
7.960000000000992948e+00,4.469679897184337669e-01,-9.302898840496549582e-01,-3.052249324037854095e+00,-5.354046407660937451e-02,-3.393446738814743791e-01,4.776914733014127612e-01,1.000000000000000000e+00,-1.980452090501785278e-01,-1.966844052076339722e-01,-1.764268577098846436e-01,-1.047388985753059387e-01,-9.015312790870666504e-02,-6.827251613140106201e-02
7.980000000000999627e+00,4.404498567515634511e-01,-9.306555479868744429e-01,-2.986201603191032561e+00,-5.646433429488850742e-02,-3.397007655316847674e-01,4.764731940437964552e-01,1.000000000000000000e+00,-1.997096836566925049e-01,-1.955567300319671631e-01,-1.751161962747573853e-01,-1.041120812296867371e-01,-8.962443470954895020e-02,-6.718982756137847900e-02
8.000000000001005418e+00,4.343581752884793090e-01,-9.319577893431945093e-01,-2.924624845645773519e+00,-5.440054694038778255e-02,-3.393936125714760998e-01,4.773331054415050900e-01,1.000000000000000000e+00,-2.020907402038574219e-01,-1.953987926244735718e-01,-1.749394237995147705e-01,-1.034338101744651794e-01,-8.851715177297592163e-02,-6.694169342517852783e-02
8.020000000000994334e+00,4.287252367594809321e-01,-9.341456777966554714e-01,-2.868641054029165360e+00,-4.780787982888412557e-02,-3.385119991424573871e-01,4.800800500712982810e-01,1.000000000000000000e+00,-2.048637270927429199e-01,-1.958519667387008667e-01,-1.753997951745986938e-01,-1.025195121765136719e-01,-8.678106218576431274e-02,-6.725957244634628296e-02
8.040000000000983249e+00,4.235561965786271421e-01,-9.371220222445444392e-01,-2.818531868293130849e+00,-3.822119032639670344e-02,-3.374209735454533066e-01,4.840745040306680402e-01,1.000000000000000000e+00,-2.076923102140426636e-01,-1.965650320053100586e-01,-1.759842932224273682e-01,-1.013279110193252563e-01,-8.441333472728729248e-02,-6.794500350952148438e-02
8.060000000000972165e+00,4.188549951895844670e-01,-9.407724128523705653e-01,-2.774205277477738374e+00,-2.767820264590445736e-02,-3.366122006915139298e-01,4.884674155642064752e-01,1.000000000000000000e+00,-2.104032486677169800e-01,-1.972367763519287109e-01,-1.763443648815155029e-01,-1.000579968094825745e-01,-8.151009678840637207e-02,-6.891874969005584717e-02
8.080000000000961080e+00,4.146238144715901353e-01,-9.450114853155913153e-01,-2.735738297262176211e+00,-1.797357264669137075e-02,-3.365173641909741664e-01,4.925110113972119286e-01,1.000000000000000000e+00,-2.130657285451889038e-01,-1.978272944688796997e-01,-1.764017492532730103e-01,-9.902197122573852539e-02,-7.819627225399017334e-02,-7.026085257530212402e-02
8.100000000000949996e+00,4.108567547409491261e-01,-9.497890455713238200e-01,-2.703752219367205889e+00,-9.875331195119940383e-03,-3.372911624329809621e-01,4.958852786687000247e-01,1.000000000000000000e+00,-2.158538401126861572e-01,-1.987186223268508911e-01,-1.763534396886825562e-01,-9.840330481529235840e-02,-7.455398142337799072e-02,-7.225259393453598022e-02
8.120000000000938911e+00,4.075577046971909922e-01,-9.550699934321846829e-01,-2.679322487722083146e+00,-3.072604386489396957e-03,-3.388108627644278448e-01,4.987197481722960846e-01,1.000000000000000000e+00,-2.188394516706466675e-01,-2.005431354045867920e-01,-1.766506731510162354e-01,-9.813568741083145142e-02,-7.069904357194900513e-02,-7.531789690256118774e-02
8.140000000000927827e+00,4.046883510423806563e-01,-9.608161012385935118e-01,-2.663824519225463039e+00,-3.860206584390101989e-03,-3.406613439855760150e-01,5.016084194101625426e-01,1.000000000000000000e+00,-2.218758463859558105e-01,-2.037677913904190063e-01,-1.778919845819473267e-01,-9.794450551271438599e-02,-6.685996800661087036e-02,-7.978482544422149658e-02
8.160000000000916742e+00,4.021848334818283188e-01,-9.669536554864034406e-01,-2.658486060125941464e+00,-1.302680963594795606e-02,-3.421922647990522925e-01,5.054278373483116482e-01,1.000000000000000000e+00,-2.247111052274703979e-01,-2.083564251661300659e-01,-1.805230528116226196e-01,-9.757926315069198608e-02,-6.330491602420806885e-02,-8.564833551645278931e-02
8.180000000000905658e+00,3.999905916306716880e-01,-9.733656289881161827e-01,-2.663859504405347689e+00,-2.661072842919382994e-02,-3.426993749358211994e-01,5.110878035121640961e-01,1.000000000000000000e+00,-2.268946915864944458e-01,-2.134591639041900635e-01,-1.841810941696166992e-01,-9.693077206611633301e-02,-6.019562482833862305e-02,-9.231963008642196655e-02
8.200000000000894573e+00,3.980518280563364319e-01,-9.798941336132862556e-01,-2.679356908040635421e+00,-4.517706338508098440e-02,-3.419346157320316548e-01,5.188237764104504102e-01,1.000000000000000000e+00,-2.277913689613342285e-01,-2.175524532794952393e-01,-1.877388209104537964e-01,-9.589590877294540405e-02,-5.751383677124977112e-02,-9.862163662910461426e-02
8.220000000000883489e+00,3.963185336826074989e-01,-9.863661241969940985e-01,-2.703333476073362718e+00,-6.615913808732266921e-02,-3.405106273022001639e-01,5.275663075363844490e-01,1.000000000000000000e+00,-2.272349894046783447e-01,-2.194970101118087769e-01,-1.903279572725296021e-01,-9.440872073173522949e-02,-5.510286986827850342e-02,-1.033160090446472168e-01
8.240000000000872404e+00,3.947471642314585583e-01,-9.926483438656650282e-01,-2.733946933982392746e+00,-8.594969588212383882e-02,-3.393031539895920434e-01,5.358123732842182685e-01,1.000000000000000000e+00,-2.257342785596847534e-01,-2.193848639726638794e-01,-1.918908804655075073e-01,-9.260973334312438965e-02,-5.280184745788574219e-02,-1.059466525912284851e-01
8.260000000000861320e+00,3.933041145403674554e-01,-9.986727821958940599e-01,-2.770019659138129420e+00,-1.031483672584074390e-01,-3.386172901258184265e-01,5.429784863576697651e-01,1.000000000000000000e+00,-2.235592156648635864e-01,-2.178570032119750977e-01,-1.926405280828475952e-01,-9.058899432420730591e-02,-5.053922906517982483e-02,-1.070735752582550049e-01
8.280000000000850235e+00,3.919634305843998079e-01,-1.004414902198291548e+00,-2.811124345203257935e+00,-1.182948526000197620e-01,-3.382944566159744593e-01,5.492895219166749055e-01,1.000000000000000000e+00,-2.203828245401382446e-01,-2.151535004377365112e-01,-1.926713436841964722e-01,-8.816308528184890747e-02,-4.826835542917251587e-02,-1.076761633157730103e-01
8.300000000000839151e+00,3.906928881643323970e-01,-1.009850516456860525e+00,-2.857068057188515198e+00,-1.321939162664055867e-01,-3.381177603666323805e-01,5.550807984443356657e-01,1.000000000000000000e+00,-2.158834189176559448e-01,-2.111165672540664673e-01,-1.920442879199981689e-01,-8.513093739748001099e-02,-4.591768607497215271e-02,-1.084122359752655029e-01
8.320000000000828067e+00,3.894482877705916501e-01,-1.014934244216441739e+00,-2.907462669519317977e+00,-1.452012876754313342e-01,-3.379667228972285109e-01,5.605005365314297272e-01,1.000000000000000000e+00,-2.101356238126754761e-01,-2.056440412998199463e-01,-1.908363699913024902e-01,-8.152361214160919189e-02,-4.340441897511482239e-02,-1.093178912997245789e-01
8.340000000000816982e+00,3.881813882829193707e-01,-1.019612998037573437e+00,-2.961723503305217164e+00,-1.570528195086405010e-01,-3.378646831074452184e-01,5.654386747952668824e-01,1.000000000000000000e+00,-2.036182731389999390e-01,-1.990920007228851318e-01,-1.892003864049911499e-01,-7.764017581939697266e-02,-4.072707891464233398e-02,-1.100740432739257812e-01
8.360000000000805898e+00,3.868529476778849174e-01,-1.023843223281720061e+00,-3.019316263937481537e+00,-1.673937183474887291e-01,-3.378635869278393544e-01,5.697473826447869705e-01,1.000000000000000000e+00,-1.968886703252792358e-01,-1.922023147344589233e-01,-1.874230951070785522e-01,-7.381346076726913452e-02,-3.802564367651939392e-02,-1.104772537946701050e-01
8.380000000000794813e+00,3.854463469912095541e-01,-1.027589041993298036e+00,-3.079874755394663488e+00,-1.763570407985947663e-01,-3.379109802785882355e-01,5.734821003327478239e-01,1.000000000000000000e+00,-1.902206242084503174e-01,-1.855811476707458496e-01,-1.858114600181579590e-01,-7.015890628099441528e-02,-3.549398854374885559e-02,-1.105765029788017273e-01
8.400000000000783729e+00,3.839655209923542034e-01,-1.030807203887862844e+00,-3.143139915805560847e+00,-1.842229133306642619e-01,-3.379228430981918718e-01,5.767595472211101137e-01,1.000000000000000000e+00,-1.837798655033111572e-01,-1.796095669269561768e-01,-1.846426576375961304e-01,-6.672213226556777954e-02,-3.332170471549034119e-02,-1.105384528636932373e-01
8.420000000000772644e+00,3.824092438639466462e-01,-1.033438043695957154e+00,-3.208838178696554522e+00,-1.909997962700537566e-01,-3.378708491087744070e-01,5.795832484458557365e-01,1.000000000000000000e+00,-1.778093725442886353e-01,-1.746168732643127441e-01,-1.841421723365783691e-01,-6.362834572792053223e-02,-3.166789934039115906e-02,-1.105338633060455322e-01
8.440000000000761560e+00,3.807734645878104729e-01,-1.035411408253867904e+00,-3.276608317575533391e+00,-1.964896490139637630e-01,-3.377641114562550673e-01,5.818706870891515726e-01,1.000000000000000000e+00,-1.725472509860992432e-01,-1.708488762378692627e-01,-1.844335198402404785e-01,-6.104553863406181335e-02,-3.062821552157402039e-02,-1.106558814644813538e-01
8.460000000000750475e+00,3.790524317858061654e-01,-1.036652832656766776e+00,-3.345915213251668074e+00,-2.004042940972274311e-01,-3.376246498395952256e-01,5.835017892071781009e-01,1.000000000000000000e+00,-1.680423915386199951e-01,-1.682751178741455078e-01,-1.854399889707565308e-01,-5.908434838056564331e-02,-3.018965944647789001e-02,-1.108476296067237854e-01
8.480000000000739391e+00,3.772349101792955017e-01,-1.037085551008063211e+00,-3.415880343343356440e+00,-2.023129699006299964e-01,-3.375017625403604060e-01,5.842970707919291629e-01,1.000000000000000000e+00,-1.640692353248596191e-01,-1.665289551019668579e-01,-1.868393421173095703e-01,-5.778687074780464172e-02,-3.024194575846195221e-02,-1.109527125954627991e-01
8.500000000000728306e+00,3.753016207456889575e-01,-1.036639118332817411e+00,-3.485209984486874024e+00,-2.018359286430488342e-01,-3.374348755684052903e-01,5.840983036012703522e-01,1.000000000000000000e+00,-1.603554040193557739e-01,-1.651771515607833862e-01,-1.882385313510894775e-01,-5.719215795397758484e-02,-3.068424575030803680e-02,-1.108645424246788025e-01
8.520000000000717222e+00,3.732300378206998559e-01,-1.035271608683170808e+00,-3.552413094075486555e+00,-1.990292401084421681e-01,-3.373836825652694604e-01,5.829288500451842436e-01,1.000000000000000000e+00,-1.569693982601165771e-01,-1.641135513782501221e-01,-1.894390583038330078e-01,-5.737931653857231140e-02,-3.153171762824058533e-02,-1.106210947036743164e-01
8.540000000000706137e+00,3.710048027353995415e-01,-1.032987482283795888e+00,-3.616157089648154077e+00,-1.943654716919866188e-01,-3.372456344627516867e-01,5.809856132049944222e-01,1.000000000000000000e+00,-1.541999280452728271e-01,-1.635073125362396240e-01,-1.903960704803466797e-01,-5.837613344192504883e-02,-3.287953138351440430e-02,-1.103407964110374451e-01
8.560000000000695053e+00,3.686220918574146799e-01,-1.029840284670369366e+00,-3.675446917738452335e+00,-1.883555715803514607e-01,-3.369405035030998419e-01,5.784814881584797730e-01,1.000000000000000000e+00,-1.521107554435729980e-01,-1.634260416030883789e-01,-1.911003142595291138e-01,-6.005232781171798706e-02,-3.481661528348922729e-02,-1.100570708513259888e-01
8.580000000000683968e+00,3.660866528300456557e-01,-1.025919646631640259e+00,-3.729468317781541309e+00,-1.812781446324444323e-01,-3.364595165314834269e-01,5.755325602635185112e-01,1.000000000000000000e+00,-1.504519879817962646e-01,-1.636106520891189575e-01,-1.915325671434402466e-01,-6.217944249510765076e-02,-3.736575320363044739e-02,-1.095944643020629883e-01
8.600000000000672884e+00,3.633770363548589066e-01,-1.021334301550500312e+00,-3.777367926990818248e+00,-1.732835226198321810e-01,-3.358286820823671026e-01,5.722014677582634157e-01,1.000000000000000000e+00,-1.489463597536087036e-01,-1.636246591806411743e-01,-1.916196644306182861e-01,-6.458501517772674561e-02,-4.043953493237495422e-02,-1.085995286703109741e-01
8.620000000000661800e+00,3.604681175566489260e-01,-1.016185738925961868e+00,-3.818031860192457660e+00,-1.641696120864468145e-01,-3.351391655514141532e-01,5.684040050360195107e-01,1.000000000000000000e+00,-1.475564837455749512e-01,-1.632597893476486206e-01,-1.912877112627029419e-01,-6.723611056804656982e-02,-4.387377575039863586e-02,-1.067463234066963196e-01
8.640000000000650715e+00,3.573870369409652969e-01,-1.010555956580642789e+00,-3.850474281661754983e+00,-1.536148346556744093e-01,-3.345021279242063050e-01,5.640061811065310016e-01,1.000000000000000000e+00,-1.466343104839324951e-01,-1.629865467548370361e-01,-1.906819194555282593e-01,-7.024639099836349487e-02,-4.757376760244369507e-02,-1.040102690458297729e-01
8.660000000000639631e+00,3.541855527600271669e-01,-1.004563526896366188e+00,-3.874271237100863186e+00,-1.417047777499940153e-01,-3.339648475223523927e-01,5.590436573958308397e-01,1.000000000000000000e+00,-1.465887278318405151e-01,-1.637326180934906006e-01,-1.902101933956146240e-01,-7.357322424650192261e-02,-5.145294591784477234e-02,-1.008838042616844177e-01
8.680000000000628546e+00,3.509166610107412043e-01,-9.983446614915169048e-01,-3.889610890040363866e+00,-1.290934904610095135e-01,-3.334560115452950280e-01,5.537889543587539709e-01,1.000000000000000000e+00,-1.474555730819702148e-01,-1.660339385271072388e-01,-1.901393383741378784e-01,-7.695999741554260254e-02,-5.542353913187980652e-02,-9.807863831520080566e-02
8.700000000000617462e+00,3.476039391075071983e-01,-9.920205848171596008e-01,-3.896875670471220854e+00,-1.166214072864879547e-01,-3.328548716110176775e-01,5.485922530360366478e-01,1.000000000000000000e+00,-1.488861739635467529e-01,-1.694398522377014160e-01,-1.902521401643753052e-01,-8.013451099395751953e-02,-5.932512134313583374e-02,-9.594283252954483032e-02
8.720000000000606377e+00,3.442203674543443670e-01,-9.856773753740469823e-01,-3.896211614759595765e+00,-1.047209033344479595e-01,-3.321158399927113258e-01,5.436337097226866533e-01,1.000000000000000000e+00,-1.508184820413589478e-01,-1.733590364456176758e-01,-1.902395039796829224e-01,-8.320149034261703491e-02,-6.305906921625137329e-02,-9.431152045726776123e-02
8.740000000000595293e+00,3.407072556665015628e-01,-9.793775825960537862e-01,-3.887624983805030077e+00,-9.333530147825949697e-02,-3.312919756339141042e-01,5.388897089492747927e-01,1.000000000000000000e+00,-1.536910831928253174e-01,-1.776838004589080811e-01,-1.902141571044921875e-01,-8.652147650718688965e-02,-6.662727147340774536e-02,-9.286991506814956665e-02
8.760000000000584208e+00,3.370044591903099684e-01,-9.731745517345988805e-01,-3.871323627867049311e+00,-8.231614134400845606e-02,-3.304506103796316374e-01,5.342983922266701935e-01,1.000000000000000000e+00,-1.578395664691925049e-01,-1.823388934135437012e-01,-1.904944777488708496e-01,-9.018597751855850220e-02,-6.998246908187866211e-02,-9.143606573343276978e-02
8.780000000000573124e+00,3.330545909124260628e-01,-9.671108802080432554e-01,-3.847805449021412194e+00,-7.172653955849721263e-02,-3.296048285370944408e-01,5.298860581493738398e-01,1.000000000000000000e+00,-1.631479710340499878e-01,-1.870784014463424683e-01,-1.911211609840393066e-01,-9.392646700143814087e-02,-7.304492592811584473e-02,-8.994364738464355469e-02
8.800000000000562039e+00,3.288178505923211592e-01,-9.612061599921890576e-01,-3.817740724380355832e+00,-6.178452312873314312e-02,-3.287211215733343850e-01,5.257435513036388119e-01,1.000000000000000000e+00,-1.691534221172332764e-01,-1.915996372699737549e-01,-1.917796581983566284e-01,-9.738954901695251465e-02,-7.580823451280593872e-02,-8.834952861070632935e-02
8.820000000000550955e+00,3.242842082834194173e-01,-9.554761125367806640e-01,-3.781666663716907184e+00,-5.265556500981549704e-02,-3.277769107290647854e-01,5.219398187540897904e-01,1.000000000000000000e+00,-1.752148568630218506e-01,-1.955269575119018555e-01,-1.920046210289001465e-01,-1.003025844693183899e-01,-7.832324504852294922e-02,-8.654990047216415405e-02
8.840000000000539870e+00,3.194343542762150823e-01,-9.499547076282784941e-01,-3.739711727082767112e+00,-4.426724860010500251e-02,-3.268162794915220326e-01,5.184446869167104177e-01,1.000000000000000000e+00,-1.806578636169433594e-01,-1.983861327171325684e-01,-1.912938654422760010e-01,-1.025080531835556030e-01,-8.064734190702438354e-02,-8.429910242557525635e-02
8.860000000000528786e+00,3.142514169545639890e-01,-9.446659412966219582e-01,-3.691778459487602415e+00,-3.610264867295764901e-02,-3.259827779826949268e-01,5.150427702803990204e-01,1.000000000000000000e+00,-1.849381625652313232e-01,-1.997410356998443604e-01,-1.893185228109359741e-01,-1.039041206240653992e-01,-8.276776224374771118e-02,-8.135601878166198730e-02
8.880000000000517701e+00,3.087423161298700758e-01,-9.396465825478174105e-01,-3.637788973904215517e+00,-2.737321143640585389e-02,-3.254941518766059083e-01,5.114055047651691055e-01,1.000000000000000000e+00,-1.877732425928115845e-01,-1.994565874338150024e-01,-1.861348897218704224e-01,-1.044594049453735352e-01,-8.460839837789535522e-02,-7.773803174495697021e-02
8.900000000000506617e+00,3.029443184670494449e-01,-9.349759756650023457e-01,-3.578068705568462349e+00,-1.753580608913480818e-02,-3.255385918184214300e-01,5.073065858704728370e-01,1.000000000000000000e+00,-1.893199980258941650e-01,-1.978335082530975342e-01,-1.822380870580673218e-01,-1.042980402708053589e-01,-8.608544617891311646e-02,-7.383266091346740723e-02
8.920000000000495533e+00,2.969257645379735355e-01,-9.307916892545334830e-01,-3.513708647326706291e+00,-6.872064814808975276e-03,-3.261428299759452920e-01,5.028633603395037399e-01,1.000000000000000000e+00,-1.901406943798065186e-01,-1.954922527074813843e-01,-1.783405244350433350e-01,-1.037105992436408997e-01,-8.712840080261230469e-02,-7.024657726287841797e-02
8.940000000000484448e+00,2.907736153703771032e-01,-9.272684876728823911e-01,-3.446621853713507377e+00,-3.321193550240808274e-03,-3.271021685461276696e-01,4.986161693540663298e-01,1.000000000000000000e+00,-1.908801048994064331e-01,-1.931291073560714722e-01,-1.750565916299819946e-01,-1.029886007308959961e-01,-8.767787367105484009e-02,-6.744298338890075684e-02
8.960000000000473364e+00,2.845726981581847559e-01,-9.245726575808729253e-01,-3.379228449189430883e+00,-1.111468651710123545e-02,-3.280300923147126957e-01,4.953688806178744852e-01,1.000000000000000000e+00,-1.919925063848495483e-01,-1.913167089223861694e-01,-1.727820187807083130e-01,-1.022759228944778442e-01,-8.769267052412033081e-02,-6.557272374629974365e-02
8.980000000000462279e+00,2.783946054963259420e-01,-9.228188751940304968e-01,-3.313918094886882493e+00,-1.477277875910924972e-02,-3.285337104617549464e-01,4.938446755170378122e-01,1.000000000000000000e+00,-1.936507672071456909e-01,-1.902966648340225220e-01,-1.716278940439224243e-01,-1.015551239252090454e-01,-8.715155720710754395e-02,-6.454470008611679077e-02
9.000000000000451195e+00,2.723037638218535617e-01,-9.220493766992065021e-01,-3.252518572611127645e+00,-1.350505858146475689e-02,-3.284100807689362411e-01,4.943728922577230178e-01,1.000000000000000000e+00,-1.957917809486389160e-01,-1.899869740009307861e-01,-1.714153140783309937e-01,-1.007118448615074158e-01,-8.603577315807342529e-02,-6.416661292314529419e-02
9.020000000000440110e+00,2.663479140256853062e-01,-9.222392585752385852e-01,-3.196095108710098831e+00,-7.699029131633316689e-03,-3.277291845508192303e-01,4.967920711951527846e-01,1.000000000000000000e+00,-1.982247233390808105e-01,-1.901703625917434692e-01,-1.717465072870254517e-01,-9.963517636060714722e-02,-8.433136343955993652e-02,-6.426316499710083008e-02
9.040000000000429026e+00,2.605635387307259632e-01,-9.233228538665921858e-01,-3.145131904608377216e+00,-1.338249080761055735e-03,-3.267870497672308305e-01,5.005576037836504399e-01,1.000000000000000000e+00,-2.007763534784317017e-01,-1.906636804342269897e-01,-1.721998006105422974e-01,-9.835139662027359009e-02,-8.207131922245025635e-02,-6.476266682147979736e-02
9.060000000000417941e+00,2.549878882657524160e-01,-9.252171697394351302e-01,-3.099904900061453361e+00,-1.186907120424711588e-02,-3.259832336442790024e-01,5.049454463351029654e-01,1.000000000000000000e+00,-2.033964246511459351e-01,-1.913562864065170288e-01,-1.725054532289505005e-01,-9.708312898874282837e-02,-7.936833798885345459e-02,-6.571383774280548096e-02
9.080000000000406857e+00,2.496466325703155520e-01,-9.278540403692621119e-01,-3.060882847700558518e+00,-2.232980872822798446e-02,-3.256737269164750037e-01,5.093040869700949935e-01,1.000000000000000000e+00,-2.062015831470489502e-01,-1.923317164182662964e-01,-1.726532280445098877e-01,-9.612739086151123047e-02,-7.633404433727264404e-02,-6.728088855743408203e-02
9.100000000000395772e+00,2.445495785156908131e-01,-9.311840170244159998e-01,-3.028945062147728073e+00,-3.196056511667286909e-02,-3.260064603451753307e-01,5.133169021319470282e-01,1.000000000000000000e+00,-2.093449681997299194e-01,-1.939221024513244629e-01,-1.728431582450866699e-01,-9.565610438585281372e-02,-7.299956679344177246e-02,-6.973770260810852051e-02
9.120000000000384688e+00,2.397123138050701319e-01,-9.351612695273346931e-01,-3.005181886864292107e+00,-4.094250718340584211e-02,-3.268908668925530336e-01,5.170593779930857670e-01,1.000000000000000000e+00,-2.127680480480194092e-01,-1.965541690587997437e-01,-1.734200567007064819e-01,-9.558723121881484985e-02,-6.940104067325592041e-02,-7.337640225887298584e-02
9.140000000000373603e+00,2.351134752762898961e-01,-9.397117613947392201e-01,-2.990720250270892500e+00,-5.050374231963381672e-02,-3.279633723366833786e-01,5.210432259665140897e-01,1.000000000000000000e+00,-2.160895168781280518e-01,-2.004142850637435913e-01,-1.748274266719818115e-01,-9.558625519275665283e-02,-6.570856273174285889e-02,-7.831192016601562500e-02
9.160000000000362519e+00,2.307293286431960633e-01,-9.447180296449780856e-01,-2.986310023565307947e+00,-6.240935704683687330e-02,-3.286883118067608911e-01,5.260038987695153656e-01,1.000000000000000000e+00,-2.188580036163330078e-01,-2.051259428262710571e-01,-1.773339360952377319e-01,-9.531635046005249023e-02,-6.218518316745758057e-02,-8.428480476140975952e-02
9.180000000000351434e+00,2.265557260594288636e-01,-9.500363205849207127e-01,-2.991992485108991406e+00,-7.807035391189777462e-02,-3.286145547910928610e-01,5.325293141299574096e-01,1.000000000000000000e+00,-2.207078486680984497e-01,-2.096900939941406250e-01,-1.805199235677719116e-01,-9.466813504695892334e-02,-5.903621390461921692e-02,-9.053017199039459229e-02
9.200000000000340350e+00,2.225963359483368320e-01,-9.555081232300034477e-01,-3.006966290931903707e+00,-9.715603995875569943e-02,-3.277484866491671145e-01,5.404816833161482093e-01,1.000000000000000000e+00,-2.213669419288635254e-01,-2.129894196987152100e-01,-1.835053116083145142e-01,-9.363466501235961914e-02,-5.628181248903274536e-02,-9.601031988859176636e-02
9.220000000000329266e+00,2.188547592640736617e-01,-9.609867454704035250e-01,-3.029875811237657590e+00,-1.173712689677348098e-01,-3.265946954797256940e-01,5.489046954032228420e-01,1.000000000000000000e+00,-2.208428233861923218e-01,-2.144894301891326904e-01,-1.857343912124633789e-01,-9.220790863037109375e-02,-5.380360409617424011e-02,-9.996903687715530396e-02
9.240000000000318181e+00,2.153246421411820766e-01,-9.663655381946310019e-01,-3.059419534328062351e+00,-1.363215885628132062e-01,-3.256772891295965922e-01,5.568006619011721670e-01,1.000000000000000000e+00,-2.193539440631866455e-01,-2.143356353044509888e-01,-1.871522068977355957e-01,-9.041918814182281494e-02,-5.147754773497581482e-02,-1.023561358451843262e-01
9.260000000000307097e+00,2.119902187437656127e-01,-9.715777573863257910e-01,-3.094761031174474653e+00,-1.531731765692953273e-01,-3.251507884616737232e-01,5.638221569038730507e-01,1.000000000000000000e+00,-2.169581353664398193e-01,-2.128250449895858765e-01,-1.878439038991928101e-01,-8.825927227735519409e-02,-4.922635480761528015e-02,-1.037119626998901367e-01
9.280000000000296012e+00,2.088340327437515076e-01,-9.765771679251158410e-01,-3.135475327900854037e+00,-1.683358367588987659e-01,-3.248906604516795804e-01,5.701399319828744927e-01,1.000000000000000000e+00,-2.135012298822402954e-01,-2.100257873535156250e-01,-1.878598332405090332e-01,-8.562395721673965454e-02,-4.697284102439880371e-02,-1.046842709183692932e-01
9.300000000000284928e+00,2.058356558000249414e-01,-9.813145962030223046e-01,-3.181215251617219852e+00,-1.824061491375313093e-01,-3.247325355698429394e-01,5.760025621406380525e-01,1.000000000000000000e+00,-2.088727504014968872e-01,-2.058290392160415649e-01,-1.872399598360061646e-01,-8.242083340883255005e-02,-4.461324214935302734e-02,-1.056048944592475891e-01
9.320000000000273843e+00,2.029707448141795378e-01,-9.857277507863980714e-01,-3.231479995400454719e+00,-1.954888292373937742e-01,-3.246189389063979802e-01,5.814536788489140795e-01,1.000000000000000000e+00,-2.032332271337509155e-01,-2.002675235271453857e-01,-1.860559284687042236e-01,-7.873359322547912598e-02,-4.207653924822807312e-02,-1.064037829637527466e-01
9.340000000000262759e+00,2.002132197639128197e-01,-9.897548471989380259e-01,-3.285686114307057704e+00,-2.071996154187260575e-01,-3.246018482301083474e-01,5.863331730911358619e-01,1.000000000000000000e+00,-1.970163434743881226e-01,-1.937933862209320068e-01,-1.844979375600814819e-01,-7.484859973192214966e-02,-3.941207006573677063e-02,-1.069054231047630310e-01
9.360000000000251674e+00,1.975412275344529678e-01,-9.933452501311516025e-01,-3.343342106757180687e+00,-2.172718468856806306e-01,-3.247127249153164974e-01,5.905299362023669341e-01,1.000000000000000000e+00,-1.906126290559768677e-01,-1.870587319135665894e-01,-1.828486025333404541e-01,-7.102473080158233643e-02,-3.677516430616378784e-02,-1.071047857403755188e-01
9.380000000000240590e+00,1.949501662776432220e-01,-9.964564469698448113e-01,-3.404072068246507765e+00,-2.258096773746668395e-01,-3.249074331498100210e-01,5.940873655727778591e-01,1.000000000000000000e+00,-1.842131614685058594e-01,-1.805633604526519775e-01,-1.813792586326599121e-01,-6.737545877695083618e-02,-3.435228765010833740e-02,-1.071427240967750549e-01
9.400000000000229505e+00,1.924569174114346137e-01,-9.990426535889881388e-01,-3.467561819240730259e+00,-2.329765586208706329e-01,-3.251275101536623691e-01,5.970735660920294396e-01,1.000000000000000000e+00,-1.780102103948593140e-01,-1.746938377618789673e-01,-1.803461313247680664e-01,-6.400587409734725952e-02,-3.232847526669502258e-02,-1.071764454245567322e-01
9.420000000000218421e+00,1.900789911708587465e-01,-1.001042100182161443e+00,-3.533486097261887782e+00,-2.388229253264258223e-01,-3.253318351341326076e-01,5.995095522193440996e-01,1.000000000000000000e+00,-1.722503900527954102e-01,-1.697872877120971680e-01,-1.799454391002655029e-01,-6.104876101016998291e-02,-3.083873167634010315e-02,-1.072989106178283691e-01
9.440000000000207336e+00,1.878350445776674205e-01,-1.002384521103487636e+00,-3.601441085011434229e+00,-2.433724077199065361e-01,-3.254790031894772562e-01,6.014051698832943993e-01,1.000000000000000000e+00,-1.671426445245742798e-01,-1.660505980253219604e-01,-1.802619099617004395e-01,-5.862746760249137878e-02,-2.993714436888694763e-02,-1.075037419795989990e-01
9.460000000000196252e+00,1.857441604053856610e-01,-1.002997633235147124e+00,-3.670853054921663805e+00,-2.466043001740107488e-01,-3.255338410175241393e-01,6.027517917391711499e-01,1.000000000000000000e+00,-1.627515703439712524e-01,-1.634404361248016357e-01,-1.812214553356170654e-01,-5.681207403540611267e-02,-2.958128228783607483e-02,-1.076784282922744751e-01
9.480000000000185167e+00,1.838227352157783545e-01,-1.002809133564617206e+00,-3.740838303208393611e+00,-2.482271785439083278e-01,-3.255167531843117246e-01,6.034279910599618102e-01,1.000000000000000000e+00,-1.589387655258178711e-01,-1.616520434617996216e-01,-1.825664043426513672e-01,-5.563011020421981812e-02,-2.966094948351383209e-02,-1.076844558119773865e-01
9.500000000000174083e+00,1.820793894058462814e-01,-1.001753164241405702e+00,-3.810151651293662400e+00,-2.477364995197146591e-01,-3.254950502838419024e-01,6.032235414665477746e-01,1.000000000000000000e+00,-1.554713994264602661e-01,-1.602945327758789062e-01,-1.839412301778793335e-01,-5.511249974370002747e-02,-3.008203580975532532e-02,-1.074661910533905029e-01
9.520000000000162999e+00,1.805096781152532581e-01,-9.997875806590380554e-01,-3.877351138829089994e+00,-2.448760877955152848e-01,-3.254975188956388821e-01,6.020317032481313779e-01,1.000000000000000000e+00,-1.523370444774627686e-01,-1.592216193675994873e-01,-1.851159334182739258e-01,-5.532845854759216309e-02,-3.086182288825511932e-02,-1.070908606052398682e-01
9.540000000000151914e+00,1.790980052771558029e-01,-9.969105849340856862e-01,-3.941097894274635749e+00,-2.398185832130464712e-01,-3.254883967873526962e-01,5.999244096721026986e-01,1.000000000000000000e+00,-1.497447639703750610e-01,-1.585682928562164307e-01,-1.860321760177612305e-01,-5.632185190916061401e-02,-3.211899474263191223e-02,-1.066862717270851135e-01
9.560000000000140830e+00,1.778216117787114747e-01,-9.931670910266222618e-01,-4.000353828358462316e+00,-2.329149450580980663e-01,-3.254227031069099607e-01,5.970478937742075276e-01,1.000000000000000000e+00,-1.477694809436798096e-01,-1.584184765815734863e-01,-1.867035329341888428e-01,-5.800906196236610413e-02,-3.397720307111740112e-02,-1.063005924224853516e-01
9.580000000000129745e+00,1.766540545979000121e-01,-9.886403504827830924e-01,-4.054276305128592384e+00,-2.244496056385696658e-01,-3.252893200110161809e-01,5.935206690160707010e-01,1.000000000000000000e+00,-1.462075710296630859e-01,-1.585272848606109619e-01,-1.871126294136047363e-01,-6.019353866577148438e-02,-3.646021336317062378e-02,-1.057688593864440918e-01
9.600000000000118661e+00,1.755389381548222438e-01,-9.834259296386673732e-01,-4.102009370436342728e+00,-2.146965976182188263e-01,-3.250876168575917435e-01,5.894569156742578420e-01,1.000000000000000000e+00,-1.447998434305191040e-01,-1.584421843290328979e-01,-1.871544867753982544e-01,-6.269317120313644409e-02,-3.943793475627899170e-02,-1.047265902161598206e-01
9.620000000000107576e+00,1.744227409940464768e-01,-9.776118070787970238e-01,-4.142440079929123442e+00,-2.038304762513867274e-01,-3.248292810660736163e-01,5.849293651047444698e-01,1.000000000000000000e+00,-1.434993445873260498e-01,-1.579445749521255493e-01,-1.867255270481109619e-01,-6.544508785009384155e-02,-4.270695149898529053e-02,-1.028305441141128540e-01
9.640000000000096492e+00,1.733045736989800578e-01,-9.712858646556271625e-01,-4.174588970064593951e+00,-1.920664822716184328e-01,-3.245096432846989454e-01,5.800277009465076850e-01,1.000000000000000000e+00,-1.426286101341247559e-01,-1.575094610452651978e-01,-1.859793961048126221e-01,-6.853061914443969727e-02,-4.617617651820182800e-02,-1.000517904758453369e-01
9.660000000000085407e+00,1.721914712053206342e-01,-9.645774352339634428e-01,-4.198010590832343958e+00,-1.798568835422561796e-01,-3.240944853906391754e-01,5.749403681426067392e-01,1.000000000000000000e+00,-1.425320953130722046e-01,-1.580456048250198364e-01,-1.853343099355697632e-01,-7.187205553054809570e-02,-4.979538172483444214e-02,-9.687242656946182251e-02
9.680000000000074323e+00,1.710862834701995516e-01,-9.576302941368990407e-01,-4.212850137755768998e+00,-1.677476980690363884e-01,-3.235363992106189968e-01,5.698948741954318331e-01,1.000000000000000000e+00,-1.432180404663085938e-01,-1.600684225559234619e-01,-1.850834637880325317e-01,-7.520730793476104736e-02,-5.351538956165313721e-02,-9.398262202739715576e-02
9.700000000000063238e+00,1.699705163146978393e-01,-9.505643914627176505e-01,-4.219453088130793894e+00,-1.561398643201915293e-01,-3.228106372316593697e-01,5.650582768000798062e-01,1.000000000000000000e+00,-1.443575322628021240e-01,-1.631359010934829712e-01,-1.850451827049255371e-01,-7.827442884445190430e-02,-5.719284713268280029e-02,-9.172181785106658936e-02
9.720000000000052154e+00,1.687911354574598843e-01,-9.434526251483781323e-01,-4.217965215520503186e+00,-1.451442565863808321e-01,-3.219389625978333891e-01,5.604767735776586823e-01,1.000000000000000000e+00,-1.459262967109680176e-01,-1.666966080665588379e-01,-1.849213093519210815e-01,-8.118974417448043823e-02,-6.074356287717819214e-02,-8.993256837129592896e-02
9.740000000000041069e+00,1.674739287178514946e-01,-9.363383287771251950e-01,-4.208436752537555670e+00,-1.346576813419394780e-01,-3.209807433604219273e-01,5.561073672258081135e-01,1.000000000000000000e+00,-1.483894586563110352e-01,-1.706897020339965820e-01,-1.847982704639434814e-01,-8.431692421436309814e-02,-6.418644636869430542e-02,-8.831451088190078735e-02
9.760000000000029985e+00,1.659458825441360585e-01,-9.292561343419136755e-01,-4.191133718733660807e+00,-1.245980344410421298e-01,-3.199881357337919230e-01,5.519158476837675575e-01,1.000000000000000000e+00,-1.520785093307495117e-01,-1.750507354736328125e-01,-1.849496215581893921e-01,-8.773715794086456299e-02,-6.746908277273178101e-02,-8.670336753129959106e-02
9.780000000000018900e+00,1.641390148171856800e-01,-9.222297909011412109e-01,-4.166589394169852412e+00,-1.150145719505124980e-01,-3.189799778224630122e-01,5.479227383127135420e-01,1.000000000000000000e+00,-1.568704843521118164e-01,-1.795102804899215698e-01,-1.853972673416137695e-01,-9.118971973657608032e-02,-7.048424333333969116e-02,-8.505073934793472290e-02
9.800000000000007816e+00,1.620100649519323199e-01,-9.152652272644579146e-01,-4.135481675145671332e+00,-1.059981878886209622e-01,-3.179517710398734320e-01,5.441659116202587354e-01,1.000000000000000000e+00,-1.623287051916122437e-01,-1.837470978498458862e-01,-1.858482956886291504e-01,-9.436270594596862793e-02,-7.320185005664825439e-02,-8.332736790180206299e-02
9.819999999999996732e+00,1.595451380747242576e-01,-9.083753359905132330e-01,-4.098347468767231661e+00,-9.758075830666736172e-02,-3.169100182594633552e-01,5.406586492944447375e-01,1.000000000000000000e+00,-1.678663939237594604e-01,-1.874055713415145874e-01,-1.858824044466018677e-01,-9.703457355499267578e-02,-7.566416263580322266e-02,-8.144640177488327026e-02
9.839999999999985647e+00,1.567175598447951845e-01,-9.015900456181089595e-01,-4.055356379073774775e+00,-8.957638242741676471e-02,-3.159222638799057958e-01,5.373234926780903198e-01,1.000000000000000000e+00,-1.728938966989517212e-01,-1.900897324085235596e-01,-1.850698292255401611e-01,-9.909417480230331421e-02,-7.793922722339630127e-02,-7.920534163713455200e-02
9.859999999999974563e+00,1.535082592462069795e-01,-8.949365225311821659e-01,-4.006525184581663623e+00,-8.143126330539231239e-02,-3.151348470184748285e-01,5.339296930439134670e-01,1.000000000000000000e+00,-1.769822984933853149e-01,-1.914704144001007080e-01,-1.831771880388259888e-01,-1.004792973399162292e-01,-8.003524690866470337e-02,-7.643163204193115234e-02
9.879999999999963478e+00,1.499162023703844993e-01,-8.884642895565169063e-01,-3.951955712161033141e+00,-7.241592722262159276e-02,-3.147448085280393770e-01,5.301733030094256671e-01,1.000000000000000000e+00,-1.799349039793014526e-01,-1.914870440959930420e-01,-1.803179383277893066e-01,-1.011695265769958496e-01,-8.188608288764953613e-02,-7.318429648876190186e-02
9.899999999999952394e+00,1.459531430651690442e-01,-8.822677755076483441e-01,-3.892151152805892522e+00,-6.213891362230521132e-02,-3.148998992406235597e-01,5.258912140092938392e-01,1.000000000000000000e+00,-1.818787008523941040e-01,-1.904268413782119751e-01,-1.769566386938095093e-01,-1.012379154562950134e-01,-8.339080214500427246e-02,-6.980539113283157349e-02
9.919999999999941309e+00,1.416388916954518518e-01,-8.764932367931881352e-01,-3.828265947186872964e+00,-5.105384484328485267e-02,-3.155861034483031236e-01,5.212724353513686903e-01,1.000000000000000000e+00,-1.832350790500640869e-01,-1.888022571802139282e-01,-1.737052202224731445e-01,-1.008834093809127808e-01,-8.445692807435989380e-02,-6.677603721618652344e-02
9.939999999999930225e+00,1.369972879839567170e-01,-8.713143404881608101e-01,-3.762088432538687410e+00,-4.050445206812636201e-02,-3.165936424180293973e-01,5.168768550283859842e-01,1.000000000000000000e+00,-1.844832152128219604e-01,-1.871376037597656250e-01,-1.710492521524429321e-01,-1.003267988562583923e-01,-8.502329140901565552e-02,-6.443136930465698242e-02
9.959999999999919140e+00,1.320530656134776271e-01,-8.668907131416284662e-01,-3.695746924978006387e+00,-3.227318709911432965e-02,-3.175841937328726661e-01,5.134471612912976379e-01,1.000000000000000000e+00,-1.859460324048995972e-01,-1.858344674110412598e-01,-1.692658662796020508e-01,-9.968175739049911499e-02,-8.505333960056304932e-02,-6.284817308187484741e-02
9.979999999999908056e+00,1.268364450094124907e-01,-8.633353404708953294e-01,-3.631285117143281838e+00,-2.787743167185663395e-02,-3.182336301080641028e-01,5.116155965299402641e-01,1.000000000000000000e+00,-1.877323985099792480e-01,-1.850665956735610962e-01,-1.684076488018035889e-01,-9.893508255481719971e-02,-8.453107625246047974e-02,-6.192418932914733887e-02
9.999999999999896971e+00,1.213936056358142501e-01,-8.607039136480181263e-01,-3.570278155534448938e+00,-2.802195582637629842e-02,-3.183700324095968814e-01,5.116758149276567913e-01,1.000000000000000000e+00,-1.897899955511093140e-01,-1.847971230745315552e-01,-1.683024019002914429e-01,-9.800280630588531494e-02,-8.345474302768707275e-02,-6.150589138269424438e-02
